TamexId 	 ChId 	 BinId 	 Vlaue (5 ns)
1 	0 	16 	0.00153757
1 	0 	17 	0.00964828
1 	0 	18 	0.0114165
1 	0 	19 	0.0128772
1 	0 	20 	0.0186815
1 	0 	21 	0.0191044
1 	0 	22 	0.0208726
1 	0 	23 	0.0214492
1 	0 	24 	0.0216798
1 	0 	25 	0.0274457
1 	0 	26 	0.0290602
1 	0 	27 	0.0299058
1 	0 	28 	0.0300596
1 	0 	29 	0.0323275
1 	0 	30 	0.0359408
1 	0 	31 	0.036748
1 	0 	32 	0.0371324
1 	0 	33 	0.0390544
1 	0 	34 	0.0440899
1 	0 	35 	0.0457813
1 	0 	36 	0.045935
1 	0 	37 	0.0482798
1 	0 	38 	0.0523544
1 	0 	39 	0.0551989
1 	0 	40 	0.0553911
1 	0 	41 	0.0574668
1 	0 	42 	0.0602729
1 	0 	43 	0.0618874
1 	0 	44 	0.062118
1 	0 	45 	0.0639247
1 	0 	46 	0.0667692
1 	0 	47 	0.0674995
1 	0 	48 	0.0694599
1 	0 	49 	0.0728426
1 	0 	50 	0.0741111
1 	0 	51 	0.0752258
1 	0 	52 	0.0771478
1 	0 	53 	0.0779166
1 	0 	54 	0.082414
1 	0 	55 	0.0858351
1 	0 	56 	0.0865654
1 	0 	57 	0.0869883
1 	0 	58 	0.093177
1 	0 	59 	0.0951759
1 	0 	60 	0.0975975
1 	0 	61 	0.098251
1 	0 	62 	0.0994811
1 	0 	63 	0.103402
1 	0 	64 	0.104055
1 	0 	65 	0.109322
1 	0 	66 	0.109667
1 	0 	67 	0.110628
1 	0 	68 	0.113089
1 	0 	69 	0.115856
1 	0 	70 	0.117471
1 	0 	71 	0.119892
1 	0 	72 	0.121315
1 	0 	73 	0.122622
1 	0 	74 	0.12439
1 	0 	75 	0.125005
1 	0 	76 	0.131924
1 	0 	77 	0.134307
1 	0 	78 	0.134768
1 	0 	79 	0.135345
1 	0 	80 	0.140419
1 	0 	81 	0.140957
1 	0 	82 	0.143609
1 	0 	83 	0.143763
1 	0 	84 	0.147146
1 	0 	85 	0.148722
1 	0 	86 	0.152604
1 	0 	87 	0.153027
1 	0 	88 	0.155103
1 	0 	89 	0.158485
1 	0 	90 	0.159677
1 	0 	91 	0.161638
1 	0 	92 	0.165059
1 	0 	93 	0.166058
1 	0 	94 	0.170056
1 	0 	95 	0.171478
1 	0 	96 	0.171593
1 	0 	97 	0.174668
1 	0 	98 	0.179666
1 	0 	99 	0.179935
1 	0 	100 	0.182087
1 	0 	101 	0.182395
1 	0 	102 	0.18597
1 	0 	103 	0.18843
1 	0 	104 	0.191121
1 	0 	105 	0.192389
1 	0 	106 	0.195503
1 	0 	107 	0.198578
1 	0 	108 	0.198885
1 	0 	109 	0.199769
1 	0 	110 	0.201999
1 	0 	111 	0.205112
1 	0 	112 	0.207342
1 	0 	113 	0.21034
1 	0 	114 	0.211916
1 	0 	115 	0.214645
1 	0 	116 	0.215722
1 	0 	117 	0.218105
1 	0 	118 	0.219796
1 	0 	119 	0.222525
1 	0 	120 	0.225293
1 	0 	121 	0.226485
1 	0 	122 	0.22733
1 	0 	123 	0.228945
1 	0 	124 	0.234019
1 	0 	125 	0.234941
1 	0 	126 	0.23521
1 	0 	127 	0.237478
1 	0 	128 	0.241399
1 	0 	129 	0.242821
1 	0 	130 	0.243782
1 	0 	131 	0.246934
1 	0 	132 	0.249894
1 	0 	133 	0.250163
1 	0 	134 	0.252162
1 	0 	135 	0.253315
1 	0 	136 	0.258005
1 	0 	137 	0.260311
1 	0 	138 	0.261734
1 	0 	139 	0.262118
1 	0 	140 	0.265193
1 	0 	141 	0.265962
1 	0 	142 	0.268038
1 	0 	143 	0.270459
1 	0 	144 	0.272497
1 	0 	145 	0.274188
1 	0 	146 	0.276533
1 	0 	147 	0.278263
1 	0 	148 	0.281991
1 	0 	149 	0.284028
1 	0 	150 	0.287027
1 	0 	151 	0.288372
1 	0 	152 	0.288564
1 	0 	153 	0.293292
1 	0 	154 	0.294522
1 	0 	155 	0.29729
1 	0 	156 	0.297674
1 	0 	157 	0.298635
1 	0 	158 	0.302595
1 	0 	159 	0.303325
1 	0 	160 	0.305093
1 	0 	161 	0.307207
1 	0 	162 	0.311859
1 	0 	163 	0.312781
1 	0 	164 	0.313204
1 	0 	165 	0.315549
1 	0 	166 	0.319931
1 	0 	167 	0.321737
1 	0 	168 	0.32193
1 	0 	169 	0.326389
1 	0 	170 	0.330002
1 	0 	171 	0.330579
1 	0 	172 	0.331463
1 	0 	173 	0.332347
1 	0 	174 	0.33669
1 	0 	175 	0.340111
1 	0 	176 	0.341726
1 	0 	177 	0.341841
1 	0 	178 	0.344801
1 	0 	179 	0.347453
1 	0 	180 	0.347838
1 	0 	181 	0.349914
1 	0 	182 	0.351835
1 	0 	183 	0.353757
1 	0 	184 	0.355295
1 	0 	185 	0.35714
1 	0 	186 	0.360792
1 	0 	187 	0.361022
1 	0 	188 	0.364943
1 	0 	189 	0.365174
1 	0 	190 	0.366366
1 	0 	191 	0.367365
1 	0 	192 	0.372093
1 	0 	193 	0.372708
1 	0 	194 	0.375399
1 	0 	195 	0.375553
1 	0 	196 	0.379896
1 	0 	197 	0.380973
1 	0 	198 	0.381741
1 	0 	199 	0.384509
1 	0 	200 	0.387507
1 	0 	201 	0.389083
1 	0 	202 	0.389621
1 	0 	203 	0.393235
1 	0 	204 	0.397886
1 	0 	205 	0.398078
1 	0 	206 	0.398962
1 	0 	207 	0.400231
1 	0 	208 	0.405881
1 	0 	209 	0.406227
1 	0 	210 	0.406765
1 	0 	211 	0.409456
1 	0 	212 	0.412685
1 	0 	213 	0.414953
1 	0 	214 	0.417144
1 	0 	215 	0.418105
1 	0 	216 	0.420603
1 	0 	217 	0.42314
1 	0 	218 	0.427215
1 	0 	219 	0.427523
1 	0 	220 	0.43029
1 	0 	221 	0.432789
1 	0 	222 	0.434941
1 	0 	223 	0.43521
1 	0 	224 	0.437594
1 	0 	225 	0.437863
1 	0 	226 	0.443706
1 	0 	227 	0.444474
1 	0 	228 	0.445128
1 	0 	229 	0.445551
1 	0 	230 	0.450855
1 	0 	231 	0.453546
1 	0 	232 	0.45393
1 	0 	233 	0.455583
1 	0 	234 	0.457467
1 	0 	235 	0.459235
1 	0 	236 	0.461003
1 	0 	237 	0.465308
1 	0 	238 	0.467884
1 	0 	239 	0.469268
1 	0 	240 	0.469498
1 	0 	241 	0.472343
1 	0 	242 	0.474457
1 	0 	243 	0.477763
1 	0 	244 	0.478493
1 	0 	245 	0.480146
1 	0 	246 	0.482222
1 	0 	247 	0.484028
1 	0 	248 	0.486143
1 	0 	249 	0.487565
1 	0 	250 	0.488411
1 	0 	251 	0.49483
1 	0 	252 	0.495368
1 	0 	253 	0.497252
1 	0 	254 	0.498213
1 	0 	255 	0.49902
1 	0 	256 	0.505016
1 	0 	257 	0.505439
1 	0 	258 	0.50763
1 	0 	259 	0.508399
1 	0 	260 	0.513319
1 	0 	261 	0.515895
1 	0 	262 	0.516779
1 	0 	263 	0.51797
1 	0 	264 	0.520392
1 	0 	265 	0.522968
1 	0 	266 	0.526658
1 	0 	267 	0.526735
1 	0 	268 	0.526811
1 	0 	269 	0.529541
1 	0 	270 	0.531847
1 	0 	271 	0.536306
1 	0 	272 	0.53719
1 	0 	273 	0.537728
1 	0 	274 	0.542379
1 	0 	275 	0.543225
1 	0 	276 	0.543571
1 	0 	277 	0.546492
1 	0 	278 	0.551566
1 	0 	279 	0.552258
1 	0 	280 	0.553604
1 	0 	281 	0.555257
1 	0 	282 	0.559754
1 	0 	283 	0.564098
1 	0 	284 	0.564905
1 	0 	285 	0.568518
1 	0 	286 	0.569748
1 	0 	287 	0.57117
1 	0 	288 	0.572708
1 	0 	289 	0.580012
1 	0 	290 	0.580165
1 	0 	291 	0.580281
1 	0 	292 	0.581165
1 	0 	293 	0.584009
1 	0 	294 	0.585739
1 	0 	295 	0.588776
1 	0 	296 	0.591697
1 	0 	297 	0.594849
1 	0 	298 	0.595849
1 	0 	299 	0.600077
1 	0 	300 	0.602575
1 	0 	301 	0.603613
1 	0 	302 	0.607765
1 	0 	303 	0.610186
1 	0 	304 	0.611109
1 	0 	305 	0.6133
1 	0 	306 	0.614069
1 	0 	307 	0.61945
1 	0 	308 	0.62068
1 	0 	309 	0.622987
1 	0 	310 	0.623756
1 	0 	311 	0.624563
1 	0 	312 	0.628676
1 	0 	313 	0.631559
1 	0 	314 	0.632481
1 	0 	315 	0.634826
1 	0 	316 	0.637863
1 	0 	317 	0.638632
1 	0 	318 	0.642053
1 	0 	319 	0.643167
1 	0 	320 	0.645205
1 	0 	321 	0.646858
1 	0 	322 	0.647972
1 	0 	323 	0.648664
1 	0 	324 	0.653508
1 	0 	325 	0.655968
1 	0 	326 	0.656121
1 	0 	327 	0.65689
1 	0 	328 	0.662041
1 	0 	329 	0.662733
1 	0 	330 	0.663732
1 	0 	331 	0.666385
1 	0 	332 	0.668345
1 	0 	333 	0.670959
1 	0 	334 	0.671689
1 	0 	335 	0.673611
1 	0 	336 	0.678263
1 	0 	337 	0.679531
1 	0 	338 	0.682491
1 	0 	339 	0.683413
1 	0 	340 	0.688257
1 	0 	341 	0.693292
1 	0 	342 	0.695829
1 	0 	343 	0.696444
1 	0 	344 	0.699289
1 	0 	345 	0.699481
1 	0 	346 	0.702595
1 	0 	347 	0.706016
1 	0 	348 	0.70763
1 	0 	349 	0.707938
1 	0 	350 	0.708322
1 	0 	351 	0.709398
1 	0 	352 	0.716164
1 	0 	353 	0.716625
1 	0 	354 	0.719777
1 	0 	355 	0.722775
1 	0 	356 	0.727196
1 	0 	357 	0.73004
1 	0 	358 	0.730348
1 	0 	359 	0.733884
1 	0 	360 	0.740381
1 	0 	361 	0.741265
1 	0 	362 	0.741687
1 	0 	363 	0.741918
1 	0 	364 	0.746339
1 	0 	365 	0.748107
1 	0 	366 	0.750183
1 	0 	367 	0.751759
1 	0 	368 	0.754526
1 	0 	369 	0.754603
1 	0 	370 	0.756871
1 	0 	371 	0.757563
1 	0 	372 	0.761753
1 	0 	373 	0.76502
1 	0 	374 	0.765674
1 	0 	375 	0.766942
1 	0 	376 	0.767826
1 	0 	377 	0.77217
1 	0 	378 	0.772862
1 	0 	379 	0.773938
1 	0 	380 	0.77709
1 	0 	381 	0.779512
1 	0 	382 	0.780973
1 	0 	383 	0.782433
1 	0 	384 	0.784394
1 	0 	385 	0.787661
1 	0 	386 	0.789775
1 	0 	387 	0.792081
1 	0 	388 	0.792466
1 	0 	389 	0.792889
1 	0 	390 	0.798539
1 	0 	391 	0.799769
1 	0 	392 	0.800615
1 	0 	393 	0.802345
1 	0 	394 	0.807842
1 	0 	395 	0.808341
1 	0 	396 	0.808572
1 	0 	397 	0.813069
1 	0 	398 	0.813531
1 	0 	399 	0.81676
1 	0 	400 	0.818874
1 	0 	401 	0.820411
1 	0 	402 	0.820603
1 	0 	403 	0.822795
1 	0 	404 	0.82537
1 	0 	405 	0.828368
1 	0 	406 	0.828868
1 	0 	407 	0.831943
1 	0 	408 	0.834249
1 	0 	409 	0.836556
1 	0 	410 	0.837555
1 	0 	411 	0.839862
1 	0 	412 	0.843167
1 	0 	413 	0.843936
1 	0 	414 	0.845282
1 	0 	415 	0.848011
1 	0 	416 	0.849356
1 	0 	417 	0.853239
1 	0 	418 	0.853315
1 	0 	419 	0.85443
1 	0 	420 	0.859927
1 	0 	421 	0.860388
1 	0 	422 	0.861465
1 	0 	423 	0.863002
1 	0 	424 	0.867077
1 	0 	425 	0.870267
1 	0 	426 	0.870613
1 	0 	427 	0.874419
1 	0 	428 	0.877263
1 	0 	429 	0.877378
1 	0 	430 	0.879569
1 	0 	431 	0.881761
1 	0 	432 	0.88203
1 	0 	433 	0.886911
1 	0 	434 	0.889333
1 	0 	435 	0.889641
1 	0 	436 	0.889679
1 	0 	437 	0.891947
1 	0 	438 	0.898289
1 	0 	439 	0.898405
1 	0 	440 	0.899942
1 	0 	441 	0.900942
1 	0 	442 	0.903287
1 	0 	443 	0.905362
1 	0 	444 	0.907861
1 	0 	445 	0.908399
1 	0 	446 	0.910129
1 	0 	447 	0.912896
1 	0 	448 	0.914665
1 	0 	449 	0.915241
1 	0 	450 	0.920392
1 	0 	451 	0.920584
1 	0 	452 	0.922199
1 	0 	453 	0.925082
1 	0 	454 	0.925351
1 	0 	455 	0.93004
1 	0 	456 	0.931347
1 	0 	457 	0.933884
1 	0 	458 	0.934692
1 	0 	459 	0.935383
1 	0 	460 	0.93646
1 	0 	461 	0.942072
1 	0 	462 	0.942841
1 	0 	463 	0.945455
1 	0 	464 	0.947338
1 	0 	465 	0.947992
1 	0 	466 	0.95122
1 	0 	467 	0.953834
1 	0 	468 	0.955987
1 	0 	469 	0.958216
1 	0 	470 	0.958447
1 	0 	471 	0.960638
1 	0 	472 	0.965712
1 	0 	473 	0.968095
1 	0 	474 	0.968633
1 	0 	475 	0.970056
1 	0 	476 	0.972746
1 	0 	477 	0.973054
1 	0 	478 	0.974476
1 	0 	479 	0.97932
1 	0 	480 	0.980703
1 	0 	481 	0.982741
1 	0 	482 	0.983855
1 	0 	483 	0.984701
1 	0 	484 	0.989737
1 	0 	485 	0.990775
1 	0 	486 	0.993504
1 	0 	487 	0.993811
1 	0 	488 	0.998655
1 	0 	489 	0.999846
1 	0 	490 	1
1 	0 	491 	1
1 	0 	492 	1
1 	0 	493 	1
1 	0 	494 	1
1 	0 	495 	1
1 	0 	496 	1
1 	0 	497 	1
1 	0 	498 	1
1 	0 	499 	1
1 	0 	500 	1
1 	0 	501 	1
1 	0 	502 	1
1 	0 	503 	1
1 	0 	504 	1
1 	0 	505 	1
1 	0 	506 	1
1 	0 	507 	1
1 	0 	508 	1
1 	0 	509 	1
1 	0 	510 	1
1 	0 	511 	1
1 	0 	512 	1
1 	0 	513 	1
1 	0 	514 	1
1 	0 	515 	1
1 	0 	516 	1
1 	0 	517 	1
1 	0 	518 	1
1 	0 	519 	1
1 	0 	520 	1
1 	0 	521 	1
1 	0 	522 	1
1 	0 	523 	1
1 	0 	524 	1
1 	0 	525 	1
1 	0 	526 	1
1 	0 	527 	1
1 	0 	528 	1
1 	0 	529 	1
1 	0 	530 	1
1 	0 	531 	1
1 	0 	532 	1
1 	0 	533 	1
1 	0 	534 	1
1 	0 	535 	1
1 	0 	536 	1
1 	0 	537 	1
1 	0 	538 	1
1 	0 	539 	1
1 	0 	540 	1
1 	0 	541 	1
1 	0 	542 	1
1 	0 	543 	1
1 	0 	544 	1
1 	0 	545 	1
1 	0 	546 	1
1 	0 	547 	1
1 	0 	548 	1
1 	0 	549 	1
1 	0 	550 	1
1 	0 	551 	1
1 	0 	552 	1
1 	0 	553 	1
1 	0 	554 	1
1 	0 	555 	1
1 	0 	556 	1
1 	0 	557 	1
1 	0 	558 	1
1 	0 	559 	1
1 	0 	560 	1
1 	0 	561 	1
1 	0 	562 	1
1 	0 	563 	1
1 	0 	564 	1
1 	0 	565 	1
1 	0 	566 	1
1 	0 	567 	1
1 	0 	568 	1
1 	0 	569 	1
1 	0 	570 	1
1 	0 	571 	1
1 	0 	572 	1
1 	0 	573 	1
1 	0 	574 	1
1 	0 	575 	1
1 	0 	576 	1
1 	0 	577 	1
1 	0 	578 	1
1 	0 	579 	1
1 	0 	580 	1
1 	0 	581 	1
1 	0 	582 	1
1 	0 	583 	1
1 	0 	584 	1
1 	0 	585 	1
1 	0 	586 	1
1 	0 	587 	1
1 	0 	588 	1
1 	0 	589 	1
1 	0 	590 	1
1 	0 	591 	1
1 	0 	592 	1
1 	0 	593 	1
1 	0 	594 	1
1 	0 	595 	1
1 	0 	596 	1
1 	0 	597 	1
1 	0 	598 	1
1 	0 	599 	1
1 	1 	16 	0.00216104
1 	1 	17 	0.00652313
1 	1 	18 	0.00876421
1 	1 	19 	0.0114855
1 	1 	20 	0.0176485
1 	1 	21 	0.0178085
1 	1 	22 	0.018849
1 	1 	23 	0.0203298
1 	1 	24 	0.0219305
1 	1 	25 	0.0267729
1 	1 	26 	0.0284136
1 	1 	27 	0.0296943
1 	1 	28 	0.0302545
1 	1 	29 	0.0324956
1 	1 	30 	0.033416
1 	1 	31 	0.035457
1 	1 	32 	0.0388987
1 	1 	33 	0.0402193
1 	1 	34 	0.0445014
1 	1 	35 	0.0449016
1 	1 	36 	0.0481431
1 	1 	37 	0.0489035
1 	1 	38 	0.0502641
1 	1 	39 	0.0537858
1 	1 	40 	0.054106
1 	1 	41 	0.0589083
1 	1 	42 	0.0602689
1 	1 	43 	0.0619898
1 	1 	44 	0.0639107
1 	1 	45 	0.0641108
1 	1 	46 	0.066712
1 	1 	47 	0.0689931
1 	1 	48 	0.0720746
1 	1 	49 	0.0726349
1 	1 	50 	0.0747959
1 	1 	51 	0.0782776
1 	1 	52 	0.0801185
1 	1 	53 	0.0804786
1 	1 	54 	0.0821995
1 	1 	55 	0.0850808
1 	1 	56 	0.0852009
1 	1 	57 	0.085361
1 	1 	58 	0.0919641
1 	1 	59 	0.0932047
1 	1 	60 	0.0936449
1 	1 	61 	0.0953258
1 	1 	62 	0.098007
1 	1 	63 	0.0994077
1 	1 	64 	0.102049
1 	1 	65 	0.10477
1 	1 	66 	0.106491
1 	1 	67 	0.106811
1 	1 	68 	0.109533
1 	1 	69 	0.110613
1 	1 	70 	0.113695
1 	1 	71 	0.117256
1 	1 	72 	0.118177
1 	1 	73 	0.122019
1 	1 	74 	0.122659
1 	1 	75 	0.12462
1 	1 	76 	0.12554
1 	1 	77 	0.128902
1 	1 	78 	0.130823
1 	1 	79 	0.132584
1 	1 	80 	0.136265
1 	1 	81 	0.138747
1 	1 	82 	0.139747
1 	1 	83 	0.141588
1 	1 	84 	0.14679
1 	1 	85 	0.147311
1 	1 	86 	0.148271
1 	1 	87 	0.151833
1 	1 	88 	0.154634
1 	1 	89 	0.154714
1 	1 	90 	0.155355
1 	1 	91 	0.159036
1 	1 	92 	0.163719
1 	1 	93 	0.163759
1 	1 	94 	0.163999
1 	1 	95 	0.165519
1 	1 	96 	0.16752
1 	1 	97 	0.171002
1 	1 	98 	0.174124
1 	1 	99 	0.176205
1 	1 	100 	0.179166
1 	1 	101 	0.179926
1 	1 	102 	0.181127
1 	1 	103 	0.182608
1 	1 	104 	0.185089
1 	1 	105 	0.18789
1 	1 	106 	0.18809
1 	1 	107 	0.190772
1 	1 	108 	0.190932
1 	1 	109 	0.194493
1 	1 	110 	0.198695
1 	1 	111 	0.199856
1 	1 	112 	0.200736
1 	1 	113 	0.202337
1 	1 	114 	0.205859
1 	1 	115 	0.2075
1 	1 	116 	0.209941
1 	1 	117 	0.211622
1 	1 	118 	0.215503
1 	1 	119 	0.216304
1 	1 	120 	0.216504
1 	1 	121 	0.217704
1 	1 	122 	0.224148
1 	1 	123 	0.225548
1 	1 	124 	0.225708
1 	1 	125 	0.226629
1 	1 	126 	0.231911
1 	1 	127 	0.233112
1 	1 	128 	0.234833
1 	1 	129 	0.237034
1 	1 	130 	0.240475
1 	1 	131 	0.243117
1 	1 	132 	0.244037
1 	1 	133 	0.244517
1 	1 	134 	0.24928
1 	1 	135 	0.25008
1 	1 	136 	0.254242
1 	1 	137 	0.254442
1 	1 	138 	0.257043
1 	1 	139 	0.259605
1 	1 	140 	0.262366
1 	1 	141 	0.263446
1 	1 	142 	0.265127
1 	1 	143 	0.266288
1 	1 	144 	0.27085
1 	1 	145 	0.27177
1 	1 	146 	0.274212
1 	1 	147 	0.274932
1 	1 	148 	0.281295
1 	1 	149 	0.281975
1 	1 	150 	0.282856
1 	1 	151 	0.285617
1 	1 	152 	0.288779
1 	1 	153 	0.29086
1 	1 	154 	0.29158
1 	1 	155 	0.2917
1 	1 	156 	0.293781
1 	1 	157 	0.296382
1 	1 	158 	0.298143
1 	1 	159 	0.300144
1 	1 	160 	0.300624
1 	1 	161 	0.302985
1 	1 	162 	0.307027
1 	1 	163 	0.308188
1 	1 	164 	0.309469
1 	1 	165 	0.31175
1 	1 	166 	0.315351
1 	1 	167 	0.315672
1 	1 	168 	0.318313
1 	1 	169 	0.318473
1 	1 	170 	0.322355
1 	1 	171 	0.322715
1 	1 	172 	0.323155
1 	1 	173 	0.324996
1 	1 	174 	0.330038
1 	1 	175 	0.331959
1 	1 	176 	0.3336
1 	1 	177 	0.33436
1 	1 	178 	0.337002
1 	1 	179 	0.339203
1 	1 	180 	0.340603
1 	1 	181 	0.342164
1 	1 	182 	0.346206
1 	1 	183 	0.346726
1 	1 	184 	0.348367
1 	1 	185 	0.351969
1 	1 	186 	0.35325
1 	1 	187 	0.358532
1 	1 	188 	0.360053
1 	1 	189 	0.361774
1 	1 	190 	0.362054
1 	1 	191 	0.362374
1 	1 	192 	0.367777
1 	1 	193 	0.368257
1 	1 	194 	0.371338
1 	1 	195 	0.371378
1 	1 	196 	0.3751
1 	1 	197 	0.376421
1 	1 	198 	0.379382
1 	1 	199 	0.379582
1 	1 	200 	0.384705
1 	1 	201 	0.385065
1 	1 	202 	0.387106
1 	1 	203 	0.387866
1 	1 	204 	0.393629
1 	1 	205 	0.394029
1 	1 	206 	0.39651
1 	1 	207 	0.397551
1 	1 	208 	0.399352
1 	1 	209 	0.400632
1 	1 	210 	0.403954
1 	1 	211 	0.404074
1 	1 	212 	0.407596
1 	1 	213 	0.408436
1 	1 	214 	0.411998
1 	1 	215 	0.412278
1 	1 	216 	0.418321
1 	1 	217 	0.419241
1 	1 	218 	0.421802
1 	1 	219 	0.422323
1 	1 	220 	0.422923
1 	1 	221 	0.429326
1 	1 	222 	0.430287
1 	1 	223 	0.431887
1 	1 	224 	0.432568
1 	1 	225 	0.435089
1 	1 	226 	0.440932
1 	1 	227 	0.441252
1 	1 	228 	0.441772
1 	1 	229 	0.443653
1 	1 	230 	0.447255
1 	1 	231 	0.448735
1 	1 	232 	0.451177
1 	1 	233 	0.453698
1 	1 	234 	0.455459
1 	1 	235 	0.456219
1 	1 	236 	0.457099
1 	1 	237 	0.45742
1 	1 	238 	0.464463
1 	1 	239 	0.465904
1 	1 	240 	0.467304
1 	1 	241 	0.468145
1 	1 	242 	0.471546
1 	1 	243 	0.473707
1 	1 	244 	0.474828
1 	1 	245 	0.477189
1 	1 	246 	0.481191
1 	1 	247 	0.481751
1 	1 	248 	0.482392
1 	1 	249 	0.484312
1 	1 	250 	0.486594
1 	1 	251 	0.490956
1 	1 	252 	0.492757
1 	1 	253 	0.492957
1 	1 	254 	0.495838
1 	1 	255 	0.497079
1 	1 	256 	0.49928
1 	1 	257 	0.49956
1 	1 	258 	0.50028
1 	1 	259 	0.502881
1 	1 	260 	0.507724
1 	1 	261 	0.509044
1 	1 	262 	0.509044
1 	1 	263 	0.509284
1 	1 	264 	0.516128
1 	1 	265 	0.518449
1 	1 	266 	0.51989
1 	1 	267 	0.52073
1 	1 	268 	0.524732
1 	1 	269 	0.526613
1 	1 	270 	0.529534
1 	1 	271 	0.533616
1 	1 	272 	0.534056
1 	1 	273 	0.536698
1 	1 	274 	0.539019
1 	1 	275 	0.540099
1 	1 	276 	0.540339
1 	1 	277 	0.544221
1 	1 	278 	0.550304
1 	1 	279 	0.550944
1 	1 	280 	0.551345
1 	1 	281 	0.553666
1 	1 	282 	0.557147
1 	1 	283 	0.558508
1 	1 	284 	0.56347
1 	1 	285 	0.564351
1 	1 	286 	0.566472
1 	1 	287 	0.567833
1 	1 	288 	0.571514
1 	1 	289 	0.575036
1 	1 	290 	0.576357
1 	1 	291 	0.578478
1 	1 	292 	0.581199
1 	1 	293 	0.58316
1 	1 	294 	0.58408
1 	1 	295 	0.587642
1 	1 	296 	0.591684
1 	1 	297 	0.592644
1 	1 	298 	0.593485
1 	1 	299 	0.600208
1 	1 	300 	0.601609
1 	1 	301 	0.60433
1 	1 	302 	0.60493
1 	1 	303 	0.608812
1 	1 	304 	0.610253
1 	1 	305 	0.611534
1 	1 	306 	0.616376
1 	1 	307 	0.617056
1 	1 	308 	0.617176
1 	1 	309 	0.618497
1 	1 	310 	0.62442
1 	1 	311 	0.626941
1 	1 	312 	0.627341
1 	1 	313 	0.627861
1 	1 	314 	0.629022
1 	1 	315 	0.633544
1 	1 	316 	0.635705
1 	1 	317 	0.638907
1 	1 	318 	0.639347
1 	1 	319 	0.642709
1 	1 	320 	0.64487
1 	1 	321 	0.64647
1 	1 	322 	0.647111
1 	1 	323 	0.651473
1 	1 	324 	0.655555
1 	1 	325 	0.656515
1 	1 	326 	0.658196
1 	1 	327 	0.659517
1 	1 	328 	0.664279
1 	1 	329 	0.664959
1 	1 	330 	0.66564
1 	1 	331 	0.66748
1 	1 	332 	0.671602
1 	1 	333 	0.673523
1 	1 	334 	0.675164
1 	1 	335 	0.675844
1 	1 	336 	0.680086
1 	1 	337 	0.680166
1 	1 	338 	0.684328
1 	1 	339 	0.684529
1 	1 	340 	0.690051
1 	1 	341 	0.691092
1 	1 	342 	0.695974
1 	1 	343 	0.696774
1 	1 	344 	0.699856
1 	1 	345 	0.701177
1 	1 	346 	0.701577
1 	1 	347 	0.7079
1 	1 	348 	0.70886
1 	1 	349 	0.709421
1 	1 	350 	0.710301
1 	1 	351 	0.711421
1 	1 	352 	0.715904
1 	1 	353 	0.719305
1 	1 	354 	0.719585
1 	1 	355 	0.725588
1 	1 	356 	0.727829
1 	1 	357 	0.732031
1 	1 	358 	0.733792
1 	1 	359 	0.736233
1 	1 	360 	0.739035
1 	1 	361 	0.739515
1 	1 	362 	0.744437
1 	1 	363 	0.745478
1 	1 	364 	0.748239
1 	1 	365 	0.748759
1 	1 	366 	0.7506
1 	1 	367 	0.75084
1 	1 	368 	0.754402
1 	1 	369 	0.759204
1 	1 	370 	0.759445
1 	1 	371 	0.761846
1 	1 	372 	0.764727
1 	1 	373 	0.765007
1 	1 	374 	0.767008
1 	1 	375 	0.77033
1 	1 	376 	0.772051
1 	1 	377 	0.775412
1 	1 	378 	0.777133
1 	1 	379 	0.778334
1 	1 	380 	0.779094
1 	1 	381 	0.779974
1 	1 	382 	0.784096
1 	1 	383 	0.786137
1 	1 	384 	0.788258
1 	1 	385 	0.789659
1 	1 	386 	0.7915
1 	1 	387 	0.793221
1 	1 	388 	0.793741
1 	1 	389 	0.796983
1 	1 	390 	0.798343
1 	1 	391 	0.801545
1 	1 	392 	0.801945
1 	1 	393 	0.802785
1 	1 	394 	0.809228
1 	1 	395 	0.809989
1 	1 	396 	0.811149
1 	1 	397 	0.813671
1 	1 	398 	0.815752
1 	1 	399 	0.818713
1 	1 	400 	0.822275
1 	1 	401 	0.823195
1 	1 	402 	0.823435
1 	1 	403 	0.827357
1 	1 	404 	0.829038
1 	1 	405 	0.831359
1 	1 	406 	0.83364
1 	1 	407 	0.834
1 	1 	408 	0.836361
1 	1 	409 	0.837082
1 	1 	410 	0.838362
1 	1 	411 	0.841124
1 	1 	412 	0.845726
1 	1 	413 	0.846006
1 	1 	414 	0.847887
1 	1 	415 	0.849048
1 	1 	416 	0.85441
1 	1 	417 	0.85473
1 	1 	418 	0.855571
1 	1 	419 	0.855811
1 	1 	420 	0.860093
1 	1 	421 	0.864135
1 	1 	422 	0.864295
1 	1 	423 	0.865936
1 	1 	424 	0.867977
1 	1 	425 	0.871578
1 	1 	426 	0.873259
1 	1 	427 	0.87598
1 	1 	428 	0.877221
1 	1 	429 	0.879022
1 	1 	430 	0.880223
1 	1 	431 	0.884905
1 	1 	432 	0.885265
1 	1 	433 	0.888867
1 	1 	434 	0.890067
1 	1 	435 	0.892148
1 	1 	436 	0.894669
1 	1 	437 	0.89535
1 	1 	438 	0.900232
1 	1 	439 	0.901553
1 	1 	440 	0.902233
1 	1 	441 	0.905635
1 	1 	442 	0.906155
1 	1 	443 	0.906795
1 	1 	444 	0.911357
1 	1 	445 	0.913559
1 	1 	446 	0.91664
1 	1 	447 	0.91724
1 	1 	448 	0.9176
1 	1 	449 	0.918201
1 	1 	450 	0.923403
1 	1 	451 	0.923763
1 	1 	452 	0.927885
1 	1 	453 	0.928206
1 	1 	454 	0.933288
1 	1 	455 	0.934689
1 	1 	456 	0.936009
1 	1 	457 	0.93661
1 	1 	458 	0.940491
1 	1 	459 	0.940812
1 	1 	460 	0.943653
1 	1 	461 	0.946054
1 	1 	462 	0.948615
1 	1 	463 	0.950296
1 	1 	464 	0.950496
1 	1 	465 	0.950536
1 	1 	466 	0.954298
1 	1 	467 	0.95734
1 	1 	468 	0.95794
1 	1 	469 	0.959421
1 	1 	470 	0.962782
1 	1 	471 	0.964623
1 	1 	472 	0.965864
1 	1 	473 	0.967304
1 	1 	474 	0.967504
1 	1 	475 	0.974348
1 	1 	476 	0.976269
1 	1 	477 	0.976589
1 	1 	478 	0.97895
1 	1 	479 	0.97947
1 	1 	480 	0.983632
1 	1 	481 	0.985833
1 	1 	482 	0.986954
1 	1 	483 	0.987394
1 	1 	484 	0.992116
1 	1 	485 	0.992356
1 	1 	486 	0.993197
1 	1 	487 	0.995718
1 	1 	488 	0.996358
1 	1 	489 	1
1 	1 	490 	1
1 	1 	491 	1
1 	1 	492 	1
1 	1 	493 	1
1 	1 	494 	1
1 	1 	495 	1
1 	1 	496 	1
1 	1 	497 	1
1 	1 	498 	1
1 	1 	499 	1
1 	1 	500 	1
1 	1 	501 	1
1 	1 	502 	1
1 	1 	503 	1
1 	1 	504 	1
1 	1 	505 	1
1 	1 	506 	1
1 	1 	507 	1
1 	1 	508 	1
1 	1 	509 	1
1 	1 	510 	1
1 	1 	511 	1
1 	1 	512 	1
1 	1 	513 	1
1 	1 	514 	1
1 	1 	515 	1
1 	1 	516 	1
1 	1 	517 	1
1 	1 	518 	1
1 	1 	519 	1
1 	1 	520 	1
1 	1 	521 	1
1 	1 	522 	1
1 	1 	523 	1
1 	1 	524 	1
1 	1 	525 	1
1 	1 	526 	1
1 	1 	527 	1
1 	1 	528 	1
1 	1 	529 	1
1 	1 	530 	1
1 	1 	531 	1
1 	1 	532 	1
1 	1 	533 	1
1 	1 	534 	1
1 	1 	535 	1
1 	1 	536 	1
1 	1 	537 	1
1 	1 	538 	1
1 	1 	539 	1
1 	1 	540 	1
1 	1 	541 	1
1 	1 	542 	1
1 	1 	543 	1
1 	1 	544 	1
1 	1 	545 	1
1 	1 	546 	1
1 	1 	547 	1
1 	1 	548 	1
1 	1 	549 	1
1 	1 	550 	1
1 	1 	551 	1
1 	1 	552 	1
1 	1 	553 	1
1 	1 	554 	1
1 	1 	555 	1
1 	1 	556 	1
1 	1 	557 	1
1 	1 	558 	1
1 	1 	559 	1
1 	1 	560 	1
1 	1 	561 	1
1 	1 	562 	1
1 	1 	563 	1
1 	1 	564 	1
1 	1 	565 	1
1 	1 	566 	1
1 	1 	567 	1
1 	1 	568 	1
1 	1 	569 	1
1 	1 	570 	1
1 	1 	571 	1
1 	1 	572 	1
1 	1 	573 	1
1 	1 	574 	1
1 	1 	575 	1
1 	1 	576 	1
1 	1 	577 	1
1 	1 	578 	1
1 	1 	579 	1
1 	1 	580 	1
1 	1 	581 	1
1 	1 	582 	1
1 	1 	583 	1
1 	1 	584 	1
1 	1 	585 	1
1 	1 	586 	1
1 	1 	587 	1
1 	1 	588 	1
1 	1 	589 	1
1 	1 	590 	1
1 	1 	591 	1
1 	1 	592 	1
1 	1 	593 	1
1 	1 	594 	1
1 	1 	595 	1
1 	1 	596 	1
1 	1 	597 	1
1 	1 	598 	1
1 	1 	599 	1
1 	2 	16 	0.00282823
1 	2 	17 	0.0101502
1 	2 	18 	0.0111872
1 	2 	19 	0.013167
1 	2 	20 	0.0192006
1 	2 	21 	0.0213689
1 	2 	22 	0.022783
1 	2 	23 	0.0235372
1 	2 	24 	0.0260512
1 	2 	25 	0.031142
1 	2 	26 	0.0323361
1 	2 	27 	0.0332789
1 	2 	28 	0.0334674
1 	2 	29 	0.0373327
1 	2 	30 	0.0401609
1 	2 	31 	0.0418578
1 	2 	32 	0.0420778
1 	2 	33 	0.0454403
1 	2 	34 	0.0501226
1 	2 	35 	0.0507825
1 	2 	36 	0.0510339
1 	2 	37 	0.0515681
1 	2 	38 	0.0556847
1 	2 	39 	0.0561247
1 	2 	40 	0.0604299
1 	2 	41 	0.0606813
1 	2 	42 	0.0651122
1 	2 	43 	0.0673119
1 	2 	44 	0.0673433
1 	2 	45 	0.067469
1 	2 	46 	0.0759223
1 	2 	47 	0.0774936
1 	2 	48 	0.0778078
1 	2 	49 	0.0796933
1 	2 	50 	0.0831186
1 	2 	51 	0.0849412
1 	2 	52 	0.0869838
1 	2 	53 	0.0880523
1 	2 	54 	0.0904092
1 	2 	55 	0.0908805
1 	2 	56 	0.092766
1 	2 	57 	0.092986
1 	2 	58 	0.0965684
1 	2 	59 	0.0995223
1 	2 	60 	0.101785
1 	2 	61 	0.102319
1 	2 	62 	0.104613
1 	2 	63 	0.107599
1 	2 	64 	0.108604
1 	2 	65 	0.112564
1 	2 	66 	0.115298
1 	2 	67 	0.115549
1 	2 	68 	0.11866
1 	2 	69 	0.120357
1 	2 	70 	0.121048
1 	2 	71 	0.123185
1 	2 	72 	0.124851
1 	2 	73 	0.129407
1 	2 	74 	0.129847
1 	2 	75 	0.132173
1 	2 	76 	0.134624
1 	2 	77 	0.138363
1 	2 	78 	0.138489
1 	2 	79 	0.14182
1 	2 	80 	0.144177
1 	2 	81 	0.144428
1 	2 	82 	0.147634
1 	2 	83 	0.148891
1 	2 	84 	0.149268
1 	2 	85 	0.154767
1 	2 	86 	0.156998
1 	2 	87 	0.157564
1 	2 	88 	0.158695
1 	2 	89 	0.159701
1 	2 	90 	0.164415
1 	2 	91 	0.16674
1 	2 	92 	0.16696
1 	2 	93 	0.168154
1 	2 	94 	0.172396
1 	2 	95 	0.174282
1 	2 	96 	0.174408
1 	2 	97 	0.176356
1 	2 	98 	0.180064
1 	2 	99 	0.182798
1 	2 	100 	0.183332
1 	2 	101 	0.184841
1 	2 	102 	0.188549
1 	2 	103 	0.188769
1 	2 	104 	0.190749
1 	2 	105 	0.191817
1 	2 	106 	0.194928
1 	2 	107 	0.198699
1 	2 	108 	0.200742
1 	2 	109 	0.201119
1 	2 	110 	0.202879
1 	2 	111 	0.203884
1 	2 	112 	0.207938
1 	2 	113 	0.208284
1 	2 	114 	0.212463
1 	2 	115 	0.213154
1 	2 	116 	0.21394
1 	2 	117 	0.21812
1 	2 	118 	0.220319
1 	2 	119 	0.221199
1 	2 	120 	0.222519
1 	2 	121 	0.225787
1 	2 	122 	0.225976
1 	2 	123 	0.227296
1 	2 	124 	0.232072
1 	2 	125 	0.232324
1 	2 	126 	0.232763
1 	2 	127 	0.237006
1 	2 	128 	0.239143
1 	2 	129 	0.24128
1 	2 	130 	0.241468
1 	2 	131 	0.241971
1 	2 	132 	0.247093
1 	2 	133 	0.247439
1 	2 	134 	0.250487
1 	2 	135 	0.251964
1 	2 	136 	0.258155
1 	2 	137 	0.258218
1 	2 	138 	0.25916
1 	2 	139 	0.260229
1 	2 	140 	0.262114
1 	2 	141 	0.263748
1 	2 	142 	0.267488
1 	2 	143 	0.268462
1 	2 	144 	0.26997
1 	2 	145 	0.272013
1 	2 	146 	0.273553
1 	2 	147 	0.274936
1 	2 	148 	0.278895
1 	2 	149 	0.279995
1 	2 	150 	0.285526
1 	2 	151 	0.285746
1 	2 	152 	0.286531
1 	2 	153 	0.28958
1 	2 	154 	0.292848
1 	2 	155 	0.293225
1 	2 	156 	0.296116
1 	2 	157 	0.296902
1 	2 	158 	0.301867
1 	2 	159 	0.302401
1 	2 	160 	0.303218
1 	2 	161 	0.304098
1 	2 	162 	0.309817
1 	2 	163 	0.310288
1 	2 	164 	0.312771
1 	2 	165 	0.31318
1 	2 	166 	0.31805
1 	2 	167 	0.318742
1 	2 	168 	0.321444
1 	2 	169 	0.321664
1 	2 	170 	0.325907
1 	2 	171 	0.328452
1 	2 	172 	0.328986
1 	2 	173 	0.331783
1 	2 	174 	0.3337
1 	2 	175 	0.337157
1 	2 	176 	0.337691
1 	2 	177 	0.338916
1 	2 	178 	0.339419
1 	2 	179 	0.343567
1 	2 	180 	0.344919
1 	2 	181 	0.347464
1 	2 	182 	0.348532
1 	2 	183 	0.349381
1 	2 	184 	0.351235
1 	2 	185 	0.351706
1 	2 	186 	0.354095
1 	2 	187 	0.360631
1 	2 	188 	0.362705
1 	2 	189 	0.362956
1 	2 	190 	0.363805
1 	2 	191 	0.364056
1 	2 	192 	0.371504
1 	2 	193 	0.373892
1 	2 	194 	0.375369
1 	2 	195 	0.375683
1 	2 	196 	0.37936
1 	2 	197 	0.379737
1 	2 	198 	0.380429
1 	2 	199 	0.385425
1 	2 	200 	0.387216
1 	2 	201 	0.389133
1 	2 	202 	0.389479
1 	2 	203 	0.39105
1 	2 	204 	0.395764
1 	2 	205 	0.397775
1 	2 	206 	0.398215
1 	2 	207 	0.402552
1 	2 	208 	0.402992
1 	2 	209 	0.406763
1 	2 	210 	0.409559
1 	2 	211 	0.411728
1 	2 	212 	0.413865
1 	2 	213 	0.414493
1 	2 	214 	0.419584
1 	2 	215 	0.419867
1 	2 	216 	0.422224
1 	2 	217 	0.424329
1 	2 	218 	0.427
1 	2 	219 	0.427723
1 	2 	220 	0.430174
1 	2 	221 	0.431305
1 	2 	222 	0.434762
1 	2 	223 	0.435265
1 	2 	224 	0.437339
1 	2 	225 	0.437747
1 	2 	226 	0.445572
1 	2 	227 	0.447269
1 	2 	228 	0.447929
1 	2 	229 	0.448243
1 	2 	230 	0.45148
1 	2 	231 	0.4517
1 	2 	232 	0.454811
1 	2 	233 	0.455911
1 	2 	234 	0.459619
1 	2 	235 	0.461379
1 	2 	236 	0.46163
1 	2 	237 	0.462824
1 	2 	238 	0.466941
1 	2 	239 	0.468135
1 	2 	240 	0.47222
1 	2 	241 	0.472786
1 	2 	242 	0.474106
1 	2 	243 	0.479982
1 	2 	244 	0.480674
1 	2 	245 	0.482748
1 	2 	246 	0.485073
1 	2 	247 	0.486016
1 	2 	248 	0.490698
1 	2 	249 	0.490855
1 	2 	250 	0.492489
1 	2 	251 	0.492772
1 	2 	252 	0.49626
1 	2 	253 	0.500283
1 	2 	254 	0.500597
1 	2 	255 	0.50088
1 	2 	256 	0.505405
1 	2 	257 	0.505499
1 	2 	258 	0.505782
1 	2 	259 	0.50905
1 	2 	260 	0.510653
1 	2 	261 	0.514047
1 	2 	262 	0.514518
1 	2 	263 	0.515807
1 	2 	264 	0.519735
1 	2 	265 	0.522312
1 	2 	266 	0.52536
1 	2 	267 	0.526051
1 	2 	268 	0.52756
1 	2 	269 	0.530671
1 	2 	270 	0.534033
1 	2 	271 	0.534222
1 	2 	272 	0.535039
1 	2 	273 	0.53595
1 	2 	274 	0.542361
1 	2 	275 	0.543649
1 	2 	276 	0.543869
1 	2 	277 	0.547263
1 	2 	278 	0.552008
1 	2 	279 	0.553454
1 	2 	280 	0.554051
1 	2 	281 	0.556219
1 	2 	282 	0.559016
1 	2 	283 	0.560713
1 	2 	284 	0.56307
1 	2 	285 	0.568695
1 	2 	286 	0.568883
1 	2 	287 	0.569417
1 	2 	288 	0.569732
1 	2 	289 	0.578876
1 	2 	290 	0.578876
1 	2 	291 	0.580479
1 	2 	292 	0.580542
1 	2 	293 	0.582522
1 	2 	294 	0.586764
1 	2 	295 	0.589624
1 	2 	296 	0.590001
1 	2 	297 	0.5933
1 	2 	298 	0.594274
1 	2 	299 	0.598391
1 	2 	300 	0.603513
1 	2 	301 	0.603985
1 	2 	302 	0.605305
1 	2 	303 	0.607944
1 	2 	304 	0.61027
1 	2 	305 	0.613915
1 	2 	306 	0.614198
1 	2 	307 	0.617152
1 	2 	308 	0.618597
1 	2 	309 	0.620326
1 	2 	310 	0.621488
1 	2 	311 	0.624788
1 	2 	312 	0.628873
1 	2 	313 	0.629187
1 	2 	314 	0.630099
1 	2 	315 	0.630979
1 	2 	316 	0.635441
1 	2 	317 	0.637766
1 	2 	318 	0.637892
1 	2 	319 	0.638081
1 	2 	320 	0.643831
1 	2 	321 	0.645151
1 	2 	322 	0.645654
1 	2 	323 	0.646565
1 	2 	324 	0.653007
1 	2 	325 	0.65549
1 	2 	326 	0.655867
1 	2 	327 	0.656621
1 	2 	328 	0.659481
1 	2 	329 	0.662749
1 	2 	330 	0.66476
1 	2 	331 	0.664855
1 	2 	332 	0.666897
1 	2 	333 	0.667651
1 	2 	334 	0.671737
1 	2 	335 	0.675225
1 	2 	336 	0.676105
1 	2 	337 	0.678084
1 	2 	338 	0.67975
1 	2 	339 	0.682138
1 	2 	340 	0.684621
1 	2 	341 	0.687857
1 	2 	342 	0.690497
1 	2 	343 	0.693954
1 	2 	344 	0.695117
1 	2 	345 	0.696216
1 	2 	346 	0.698856
1 	2 	347 	0.701684
1 	2 	348 	0.703664
1 	2 	349 	0.704858
1 	2 	350 	0.704858
1 	2 	351 	0.707058
1 	2 	352 	0.710955
1 	2 	353 	0.713217
1 	2 	354 	0.717742
1 	2 	355 	0.717962
1 	2 	356 	0.721891
1 	2 	357 	0.727641
1 	2 	358 	0.729181
1 	2 	359 	0.730281
1 	2 	360 	0.73446
1 	2 	361 	0.738766
1 	2 	362 	0.7393
1 	2 	363 	0.742442
1 	2 	364 	0.743636
1 	2 	365 	0.744579
1 	2 	366 	0.748287
1 	2 	367 	0.750958
1 	2 	368 	0.751241
1 	2 	369 	0.751461
1 	2 	370 	0.756961
1 	2 	371 	0.757086
1 	2 	372 	0.758909
1 	2 	373 	0.760449
1 	2 	374 	0.764565
1 	2 	375 	0.765068
1 	2 	376 	0.767205
1 	2 	377 	0.767331
1 	2 	378 	0.772044
1 	2 	379 	0.773616
1 	2 	380 	0.775533
1 	2 	381 	0.778172
1 	2 	382 	0.780718
1 	2 	383 	0.78254
1 	2 	384 	0.782792
1 	2 	385 	0.783075
1 	2 	386 	0.786814
1 	2 	387 	0.790051
1 	2 	388 	0.791402
1 	2 	389 	0.794513
1 	2 	390 	0.79489
1 	2 	391 	0.797719
1 	2 	392 	0.798284
1 	2 	393 	0.802087
1 	2 	394 	0.804758
1 	2 	395 	0.805418
1 	2 	396 	0.808812
1 	2 	397 	0.8101
1 	2 	398 	0.810477
1 	2 	399 	0.815191
1 	2 	400 	0.818616
1 	2 	401 	0.819999
1 	2 	402 	0.82245
1 	2 	403 	0.822544
1 	2 	404 	0.82531
1 	2 	405 	0.827132
1 	2 	406 	0.829269
1 	2 	407 	0.830118
1 	2 	408 	0.83392
1 	2 	409 	0.835554
1 	2 	410 	0.836434
1 	2 	411 	0.838728
1 	2 	412 	0.842028
1 	2 	413 	0.84231
1 	2 	414 	0.843065
1 	2 	415 	0.845296
1 	2 	416 	0.850889
1 	2 	417 	0.851361
1 	2 	418 	0.852806
1 	2 	419 	0.854975
1 	2 	420 	0.857677
1 	2 	421 	0.861668
1 	2 	422 	0.862768
1 	2 	423 	0.863239
1 	2 	424 	0.867419
1 	2 	425 	0.867922
1 	2 	426 	0.870216
1 	2 	427 	0.875212
1 	2 	428 	0.876092
1 	2 	429 	0.878323
1 	2 	430 	0.879423
1 	2 	431 	0.881183
1 	2 	432 	0.88178
1 	2 	433 	0.885771
1 	2 	434 	0.887688
1 	2 	435 	0.890045
1 	2 	436 	0.891176
1 	2 	437 	0.891584
1 	2 	438 	0.895827
1 	2 	439 	0.897744
1 	2 	440 	0.899441
1 	2 	441 	0.900478
1 	2 	442 	0.904877
1 	2 	443 	0.905223
1 	2 	444 	0.90582
1 	2 	445 	0.906228
1 	2 	446 	0.911633
1 	2 	447 	0.91465
1 	2 	448 	0.914807
1 	2 	449 	0.916064
1 	2 	450 	0.918547
1 	2 	451 	0.921784
1 	2 	452 	0.923983
1 	2 	453 	0.926026
1 	2 	454 	0.926592
1 	2 	455 	0.929828
1 	2 	456 	0.932405
1 	2 	457 	0.933725
1 	2 	458 	0.936113
1 	2 	459 	0.937527
1 	2 	460 	0.940513
1 	2 	461 	0.944504
1 	2 	462 	0.945572
1 	2 	463 	0.946201
1 	2 	464 	0.947741
1 	2 	465 	0.95082
1 	2 	466 	0.951386
1 	2 	467 	0.956257
1 	2 	468 	0.956979
1 	2 	469 	0.959242
1 	2 	470 	0.959713
1 	2 	471 	0.96031
1 	2 	472 	0.965433
1 	2 	473 	0.966313
1 	2 	474 	0.967318
1 	2 	475 	0.969267
1 	2 	476 	0.97266
1 	2 	477 	0.973006
1 	2 	478 	0.974012
1 	2 	479 	0.976149
1 	2 	480 	0.978505
1 	2 	481 	0.981994
1 	2 	482 	0.984822
1 	2 	483 	0.985136
1 	2 	484 	0.988907
1 	2 	485 	0.991421
1 	2 	486 	0.994249
1 	2 	487 	0.99648
1 	2 	488 	0.997172
1 	2 	489 	0.999434
1 	2 	490 	0.999874
1 	2 	491 	0.999969
1 	2 	492 	1
1 	2 	493 	1
1 	2 	494 	1
1 	2 	495 	1
1 	2 	496 	1
1 	2 	497 	1
1 	2 	498 	1
1 	2 	499 	1
1 	2 	500 	1
1 	2 	501 	1
1 	2 	502 	1
1 	2 	503 	1
1 	2 	504 	1
1 	2 	505 	1
1 	2 	506 	1
1 	2 	507 	1
1 	2 	508 	1
1 	2 	509 	1
1 	2 	510 	1
1 	2 	511 	1
1 	2 	512 	1
1 	2 	513 	1
1 	2 	514 	1
1 	2 	515 	1
1 	2 	516 	1
1 	2 	517 	1
1 	2 	518 	1
1 	2 	519 	1
1 	2 	520 	1
1 	2 	521 	1
1 	2 	522 	1
1 	2 	523 	1
1 	2 	524 	1
1 	2 	525 	1
1 	2 	526 	1
1 	2 	527 	1
1 	2 	528 	1
1 	2 	529 	1
1 	2 	530 	1
1 	2 	531 	1
1 	2 	532 	1
1 	2 	533 	1
1 	2 	534 	1
1 	2 	535 	1
1 	2 	536 	1
1 	2 	537 	1
1 	2 	538 	1
1 	2 	539 	1
1 	2 	540 	1
1 	2 	541 	1
1 	2 	542 	1
1 	2 	543 	1
1 	2 	544 	1
1 	2 	545 	1
1 	2 	546 	1
1 	2 	547 	1
1 	2 	548 	1
1 	2 	549 	1
1 	2 	550 	1
1 	2 	551 	1
1 	2 	552 	1
1 	2 	553 	1
1 	2 	554 	1
1 	2 	555 	1
1 	2 	556 	1
1 	2 	557 	1
1 	2 	558 	1
1 	2 	559 	1
1 	2 	560 	1
1 	2 	561 	1
1 	2 	562 	1
1 	2 	563 	1
1 	2 	564 	1
1 	2 	565 	1
1 	2 	566 	1
1 	2 	567 	1
1 	2 	568 	1
1 	2 	569 	1
1 	2 	570 	1
1 	2 	571 	1
1 	2 	572 	1
1 	2 	573 	1
1 	2 	574 	1
1 	2 	575 	1
1 	2 	576 	1
1 	2 	577 	1
1 	2 	578 	1
1 	2 	579 	1
1 	2 	580 	1
1 	2 	581 	1
1 	2 	582 	1
1 	2 	583 	1
1 	2 	584 	1
1 	2 	585 	1
1 	2 	586 	1
1 	2 	587 	1
1 	2 	588 	1
1 	2 	589 	1
1 	2 	590 	1
1 	2 	591 	1
1 	2 	592 	1
1 	2 	593 	1
1 	2 	594 	1
1 	2 	595 	1
1 	2 	596 	1
1 	2 	597 	1
1 	2 	598 	1
1 	2 	599 	1
1 	3 	16 	0.000650407
1 	3 	17 	0.00572358
1 	3 	18 	0.00852033
1 	3 	19 	0.0100488
1 	3 	20 	0.0154146
1 	3 	21 	0.0165528
1 	3 	22 	0.0185041
1 	3 	23 	0.019935
1 	3 	24 	0.0220813
1 	3 	25 	0.0266341
1 	3 	26 	0.027935
1 	3 	27 	0.0287154
1 	3 	28 	0.0296911
1 	3 	29 	0.0306016
1 	3 	30 	0.0358049
1 	3 	31 	0.0361301
1 	3 	32 	0.0386667
1 	3 	33 	0.0395447
1 	3 	34 	0.0442927
1 	3 	35 	0.0452683
1 	3 	36 	0.0464715
1 	3 	37 	0.0479675
1 	3 	38 	0.0531707
1 	3 	39 	0.0539837
1 	3 	40 	0.056813
1 	3 	41 	0.0598374
1 	3 	42 	0.0620488
1 	3 	43 	0.0639675
1 	3 	44 	0.0647805
1 	3 	45 	0.0658862
1 	3 	46 	0.0685854
1 	3 	47 	0.0708293
1 	3 	48 	0.0739187
1 	3 	49 	0.0766504
1 	3 	50 	0.0779187
1 	3 	51 	0.0801951
1 	3 	52 	0.0826016
1 	3 	53 	0.0835447
1 	3 	54 	0.0859837
1 	3 	55 	0.088878
1 	3 	56 	0.0893008
1 	3 	57 	0.0921301
1 	3 	58 	0.0945041
1 	3 	59 	0.0985041
1 	3 	60 	0.0996098
1 	3 	61 	0.0999024
1 	3 	62 	0.101268
1 	3 	63 	0.105333
1 	3 	64 	0.108748
1 	3 	65 	0.111057
1 	3 	66 	0.111317
1 	3 	67 	0.113463
1 	3 	68 	0.118634
1 	3 	69 	0.120423
1 	3 	70 	0.121203
1 	3 	71 	0.121268
1 	3 	72 	0.125333
1 	3 	73 	0.127057
1 	3 	74 	0.129561
1 	3 	75 	0.13174
1 	3 	76 	0.13239
1 	3 	77 	0.133821
1 	3 	78 	0.134504
1 	3 	79 	0.139285
1 	3 	80 	0.142439
1 	3 	81 	0.143642
1 	3 	82 	0.144455
1 	3 	83 	0.145756
1 	3 	84 	0.150537
1 	3 	85 	0.152553
1 	3 	86 	0.156488
1 	3 	87 	0.156618
1 	3 	88 	0.160228
1 	3 	89 	0.161301
1 	3 	90 	0.162341
1 	3 	91 	0.165951
1 	3 	92 	0.166797
1 	3 	93 	0.169756
1 	3 	94 	0.171707
1 	3 	95 	0.173626
1 	3 	96 	0.174114
1 	3 	97 	0.177138
1 	3 	98 	0.181366
1 	3 	99 	0.181496
1 	3 	100 	0.18322
1 	3 	101 	0.183967
1 	3 	102 	0.187967
1 	3 	103 	0.190797
1 	3 	104 	0.191285
1 	3 	105 	0.19226
1 	3 	106 	0.195707
1 	3 	107 	0.196618
1 	3 	108 	0.197593
1 	3 	109 	0.201854
1 	3 	110 	0.205073
1 	3 	111 	0.205333
1 	3 	112 	0.206472
1 	3 	113 	0.206634
1 	3 	114 	0.212748
1 	3 	115 	0.213724
1 	3 	116 	0.214667
1 	3 	117 	0.217561
1 	3 	118 	0.221171
1 	3 	119 	0.223772
1 	3 	120 	0.225561
1 	3 	121 	0.226016
1 	3 	122 	0.230829
1 	3 	123 	0.230959
1 	3 	124 	0.23522
1 	3 	125 	0.238341
1 	3 	126 	0.239122
1 	3 	127 	0.240293
1 	3 	128 	0.242797
1 	3 	129 	0.245398
1 	3 	130 	0.245919
1 	3 	131 	0.250341
1 	3 	132 	0.252911
1 	3 	133 	0.253333
1 	3 	134 	0.253821
1 	3 	135 	0.254927
1 	3 	136 	0.262081
1 	3 	137 	0.262472
1 	3 	138 	0.262894
1 	3 	139 	0.263285
1 	3 	140 	0.268585
1 	3 	141 	0.269041
1 	3 	142 	0.272553
1 	3 	143 	0.273593
1 	3 	144 	0.274439
1 	3 	145 	0.277854
1 	3 	146 	0.278309
1 	3 	147 	0.280065
1 	3 	148 	0.286114
1 	3 	149 	0.286602
1 	3 	150 	0.289854
1 	3 	151 	0.290439
1 	3 	152 	0.292585
1 	3 	153 	0.294732
1 	3 	154 	0.29535
1 	3 	155 	0.300098
1 	3 	156 	0.300715
1 	3 	157 	0.302244
1 	3 	158 	0.303512
1 	3 	159 	0.304911
1 	3 	160 	0.306764
1 	3 	161 	0.310049
1 	3 	162 	0.313268
1 	3 	163 	0.316163
1 	3 	164 	0.316715
1 	3 	165 	0.317789
1 	3 	166 	0.321951
1 	3 	167 	0.322179
1 	3 	168 	0.324195
1 	3 	169 	0.325821
1 	3 	170 	0.330211
1 	3 	171 	0.330602
1 	3 	172 	0.331154
1 	3 	173 	0.33135
1 	3 	174 	0.336846
1 	3 	175 	0.341008
1 	3 	176 	0.341138
1 	3 	177 	0.343837
1 	3 	178 	0.345789
1 	3 	179 	0.349138
1 	3 	180 	0.349301
1 	3 	181 	0.353008
1 	3 	182 	0.355252
1 	3 	183 	0.355447
1 	3 	184 	0.358244
1 	3 	185 	0.359935
1 	3 	186 	0.363772
1 	3 	187 	0.365626
1 	3 	188 	0.369073
1 	3 	189 	0.369431
1 	3 	190 	0.370667
1 	3 	191 	0.373821
1 	3 	192 	0.375057
1 	3 	193 	0.379057
1 	3 	194 	0.380358
1 	3 	195 	0.38052
1 	3 	196 	0.385008
1 	3 	197 	0.387122
1 	3 	198 	0.387317
1 	3 	199 	0.389398
1 	3 	200 	0.394016
1 	3 	201 	0.394407
1 	3 	202 	0.395837
1 	3 	203 	0.39665
1 	3 	204 	0.399512
1 	3 	205 	0.40426
1 	3 	206 	0.404943
1 	3 	207 	0.405236
1 	3 	208 	0.40813
1 	3 	209 	0.409724
1 	3 	210 	0.410992
1 	3 	211 	0.412715
1 	3 	212 	0.415967
1 	3 	213 	0.416423
1 	3 	214 	0.42013
1 	3 	215 	0.421236
1 	3 	216 	0.422894
1 	3 	217 	0.425431
1 	3 	218 	0.428
1 	3 	219 	0.428163
1 	3 	220 	0.432195
1 	3 	221 	0.434016
1 	3 	222 	0.435935
1 	3 	223 	0.436033
1 	3 	224 	0.436325
1 	3 	225 	0.437236
1 	3 	226 	0.443577
1 	3 	227 	0.445984
1 	3 	228 	0.446049
1 	3 	229 	0.448033
1 	3 	230 	0.452293
1 	3 	231 	0.454959
1 	3 	232 	0.45522
1 	3 	233 	0.457398
1 	3 	234 	0.46052
1 	3 	235 	0.463707
1 	3 	236 	0.465561
1 	3 	237 	0.467577
1 	3 	238 	0.468618
1 	3 	239 	0.471057
1 	3 	240 	0.47265
1 	3 	241 	0.474732
1 	3 	242 	0.475154
1 	3 	243 	0.478927
1 	3 	244 	0.480098
1 	3 	245 	0.484488
1 	3 	246 	0.484748
1 	3 	247 	0.486341
1 	3 	248 	0.489886
1 	3 	249 	0.490244
1 	3 	250 	0.491187
1 	3 	251 	0.496
1 	3 	252 	0.497008
1 	3 	253 	0.498634
1 	3 	254 	0.500911
1 	3 	255 	0.502439
1 	3 	256 	0.506407
1 	3 	257 	0.506569
1 	3 	258 	0.507122
1 	3 	259 	0.509301
1 	3 	260 	0.512878
1 	3 	261 	0.514537
1 	3 	262 	0.516325
1 	3 	263 	0.516423
1 	3 	264 	0.522244
1 	3 	265 	0.52374
1 	3 	266 	0.526276
1 	3 	267 	0.526602
1 	3 	268 	0.528033
1 	3 	269 	0.530472
1 	3 	270 	0.53252
1 	3 	271 	0.536423
1 	3 	272 	0.537236
1 	3 	273 	0.538992
1 	3 	274 	0.539902
1 	3 	275 	0.541431
1 	3 	276 	0.543317
1 	3 	277 	0.547252
1 	3 	278 	0.550732
1 	3 	279 	0.552293
1 	3 	280 	0.552455
1 	3 	281 	0.552911
1 	3 	282 	0.560358
1 	3 	283 	0.561236
1 	3 	284 	0.562374
1 	3 	285 	0.566992
1 	3 	286 	0.569593
1 	3 	287 	0.569789
1 	3 	288 	0.572748
1 	3 	289 	0.577106
1 	3 	290 	0.58052
1 	3 	291 	0.580846
1 	3 	292 	0.581821
1 	3 	293 	0.582439
1 	3 	294 	0.585984
1 	3 	295 	0.588943
1 	3 	296 	0.592163
1 	3 	297 	0.595772
1 	3 	298 	0.596553
1 	3 	299 	0.60322
1 	3 	300 	0.603285
1 	3 	301 	0.606439
1 	3 	302 	0.608618
1 	3 	303 	0.609041
1 	3 	304 	0.61252
1 	3 	305 	0.613886
1 	3 	306 	0.618309
1 	3 	307 	0.619577
1 	3 	308 	0.619642
1 	3 	309 	0.622146
1 	3 	310 	0.62465
1 	3 	311 	0.626016
1 	3 	312 	0.62813
1 	3 	313 	0.63226
1 	3 	314 	0.632553
1 	3 	315 	0.635154
1 	3 	316 	0.637854
1 	3 	317 	0.639024
1 	3 	318 	0.639187
1 	3 	319 	0.642211
1 	3 	320 	0.645756
1 	3 	321 	0.648195
1 	3 	322 	0.648715
1 	3 	323 	0.649561
1 	3 	324 	0.654504
1 	3 	325 	0.65652
1 	3 	326 	0.657138
1 	3 	327 	0.657789
1 	3 	328 	0.663415
1 	3 	329 	0.66426
1 	3 	330 	0.665138
1 	3 	331 	0.666927
1 	3 	332 	0.669724
1 	3 	333 	0.67174
1 	3 	334 	0.672033
1 	3 	335 	0.674341
1 	3 	336 	0.679057
1 	3 	337 	0.681268
1 	3 	338 	0.683415
1 	3 	339 	0.688911
1 	3 	340 	0.689008
1 	3 	341 	0.693528
1 	3 	342 	0.696163
1 	3 	343 	0.697561
1 	3 	344 	0.700293
1 	3 	345 	0.700585
1 	3 	346 	0.705008
1 	3 	347 	0.708228
1 	3 	348 	0.708228
1 	3 	349 	0.709301
1 	3 	350 	0.709854
1 	3 	351 	0.710764
1 	3 	352 	0.717659
1 	3 	353 	0.718016
1 	3 	354 	0.718472
1 	3 	355 	0.723187
1 	3 	356 	0.725171
1 	3 	357 	0.729561
1 	3 	358 	0.729854
1 	3 	359 	0.732195
1 	3 	360 	0.738276
1 	3 	361 	0.73948
1 	3 	362 	0.741073
1 	3 	363 	0.741463
1 	3 	364 	0.747024
1 	3 	365 	0.74865
1 	3 	366 	0.748943
1 	3 	367 	0.749561
1 	3 	368 	0.754276
1 	3 	369 	0.75561
1 	3 	370 	0.756683
1 	3 	371 	0.757919
1 	3 	372 	0.761821
1 	3 	373 	0.765724
1 	3 	374 	0.767187
1 	3 	375 	0.767545
1 	3 	376 	0.769041
1 	3 	377 	0.773593
1 	3 	378 	0.773821
1 	3 	379 	0.774862
1 	3 	380 	0.778374
1 	3 	381 	0.782081
1 	3 	382 	0.78439
1 	3 	383 	0.784813
1 	3 	384 	0.785398
1 	3 	385 	0.787967
1 	3 	386 	0.79239
1 	3 	387 	0.793041
1 	3 	388 	0.793593
1 	3 	389 	0.796033
1 	3 	390 	0.797528
1 	3 	391 	0.800033
1 	3 	392 	0.800976
1 	3 	393 	0.801463
1 	3 	394 	0.805626
1 	3 	395 	0.809073
1 	3 	396 	0.809431
1 	3 	397 	0.811577
1 	3 	398 	0.813789
1 	3 	399 	0.816033
1 	3 	400 	0.817203
1 	3 	401 	0.818439
1 	3 	402 	0.82013
1 	3 	403 	0.823285
1 	3 	404 	0.825756
1 	3 	405 	0.826504
1 	3 	406 	0.829268
1 	3 	407 	0.829951
1 	3 	408 	0.834211
1 	3 	409 	0.835967
1 	3 	410 	0.837691
1 	3 	411 	0.839187
1 	3 	412 	0.841171
1 	3 	413 	0.844033
1 	3 	414 	0.845528
1 	3 	415 	0.846211
1 	3 	416 	0.851024
1 	3 	417 	0.852813
1 	3 	418 	0.853041
1 	3 	419 	0.853203
1 	3 	420 	0.855967
1 	3 	421 	0.859675
1 	3 	422 	0.862081
1 	3 	423 	0.862764
1 	3 	424 	0.865041
1 	3 	425 	0.866537
1 	3 	426 	0.868325
1 	3 	427 	0.870081
1 	3 	428 	0.872618
1 	3 	429 	0.87626
1 	3 	430 	0.877659
1 	3 	431 	0.880065
1 	3 	432 	0.882374
1 	3 	433 	0.885203
1 	3 	434 	0.887024
1 	3 	435 	0.888
1 	3 	436 	0.889398
1 	3 	437 	0.892455
1 	3 	438 	0.893528
1 	3 	439 	0.896846
1 	3 	440 	0.897528
1 	3 	441 	0.900618
1 	3 	442 	0.903317
1 	3 	443 	0.904683
1 	3 	444 	0.905041
1 	3 	445 	0.907024
1 	3 	446 	0.912715
1 	3 	447 	0.913463
1 	3 	448 	0.914179
1 	3 	449 	0.915187
1 	3 	450 	0.920976
1 	3 	451 	0.921171
1 	3 	452 	0.923285
1 	3 	453 	0.92374
1 	3 	454 	0.927902
1 	3 	455 	0.929236
1 	3 	456 	0.930764
1 	3 	457 	0.93226
1 	3 	458 	0.935382
1 	3 	459 	0.937659
1 	3 	460 	0.938797
1 	3 	461 	0.939285
1 	3 	462 	0.943024
1 	3 	463 	0.94465
1 	3 	464 	0.945528
1 	3 	465 	0.945724
1 	3 	466 	0.947707
1 	3 	467 	0.952585
1 	3 	468 	0.95522
1 	3 	469 	0.95561
1 	3 	470 	0.958797
1 	3 	471 	0.959057
1 	3 	472 	0.963382
1 	3 	473 	0.964553
1 	3 	474 	0.965333
1 	3 	475 	0.970114
1 	3 	476 	0.971122
1 	3 	477 	0.972163
1 	3 	478 	0.974569
1 	3 	479 	0.975285
1 	3 	480 	0.976911
1 	3 	481 	0.978049
1 	3 	482 	0.980358
1 	3 	483 	0.981854
1 	3 	484 	0.986146
1 	3 	485 	0.988358
1 	3 	486 	0.989008
1 	3 	487 	0.989366
1 	3 	488 	0.992358
1 	3 	489 	0.995415
1 	3 	490 	0.99974
1 	3 	491 	0.999902
1 	3 	492 	1
1 	3 	493 	1
1 	3 	494 	1
1 	3 	495 	1
1 	3 	496 	1
1 	3 	497 	1
1 	3 	498 	1
1 	3 	499 	1
1 	3 	500 	1
1 	3 	501 	1
1 	3 	502 	1
1 	3 	503 	1
1 	3 	504 	1
1 	3 	505 	1
1 	3 	506 	1
1 	3 	507 	1
1 	3 	508 	1
1 	3 	509 	1
1 	3 	510 	1
1 	3 	511 	1
1 	3 	512 	1
1 	3 	513 	1
1 	3 	514 	1
1 	3 	515 	1
1 	3 	516 	1
1 	3 	517 	1
1 	3 	518 	1
1 	3 	519 	1
1 	3 	520 	1
1 	3 	521 	1
1 	3 	522 	1
1 	3 	523 	1
1 	3 	524 	1
1 	3 	525 	1
1 	3 	526 	1
1 	3 	527 	1
1 	3 	528 	1
1 	3 	529 	1
1 	3 	530 	1
1 	3 	531 	1
1 	3 	532 	1
1 	3 	533 	1
1 	3 	534 	1
1 	3 	535 	1
1 	3 	536 	1
1 	3 	537 	1
1 	3 	538 	1
1 	3 	539 	1
1 	3 	540 	1
1 	3 	541 	1
1 	3 	542 	1
1 	3 	543 	1
1 	3 	544 	1
1 	3 	545 	1
1 	3 	546 	1
1 	3 	547 	1
1 	3 	548 	1
1 	3 	549 	1
1 	3 	550 	1
1 	3 	551 	1
1 	3 	552 	1
1 	3 	553 	1
1 	3 	554 	1
1 	3 	555 	1
1 	3 	556 	1
1 	3 	557 	1
1 	3 	558 	1
1 	3 	559 	1
1 	3 	560 	1
1 	3 	561 	1
1 	3 	562 	1
1 	3 	563 	1
1 	3 	564 	1
1 	3 	565 	1
1 	3 	566 	1
1 	3 	567 	1
1 	3 	568 	1
1 	3 	569 	1
1 	3 	570 	1
1 	3 	571 	1
1 	3 	572 	1
1 	3 	573 	1
1 	3 	574 	1
1 	3 	575 	1
1 	3 	576 	1
1 	3 	577 	1
1 	3 	578 	1
1 	3 	579 	1
1 	3 	580 	1
1 	3 	581 	1
1 	3 	582 	1
1 	3 	583 	1
1 	3 	584 	1
1 	3 	585 	1
1 	3 	586 	1
1 	3 	587 	1
1 	3 	588 	1
1 	3 	589 	1
1 	3 	590 	1
1 	3 	591 	1
1 	3 	592 	1
1 	3 	593 	1
1 	3 	594 	1
1 	3 	595 	1
1 	3 	596 	1
1 	3 	597 	1
1 	3 	598 	1
1 	3 	599 	1
1 	4 	16 	0.0033776
1 	4 	17 	0.00818952
1 	4 	18 	0.00855966
1 	4 	19 	0.00980891
1 	4 	20 	0.0158238
1 	4 	21 	0.0161014
1 	4 	22 	0.0177671
1 	4 	23 	0.0191089
1 	4 	24 	0.0198029
1 	4 	25 	0.0251238
1 	4 	26 	0.0266506
1 	4 	27 	0.0267432
1 	4 	28 	0.0284551
1 	4 	29 	0.0307223
1 	4 	30 	0.0328506
1 	4 	31 	0.033267
1 	4 	32 	0.0357655
1 	4 	33 	0.0399759
1 	4 	34 	0.0409938
1 	4 	35 	0.0444177
1 	4 	36 	0.0445565
1 	4 	37 	0.0458058
1 	4 	38 	0.0497849
1 	4 	39 	0.0509878
1 	4 	40 	0.0524222
1 	4 	41 	0.0537639
1 	4 	42 	0.0571878
1 	4 	43 	0.0591773
1 	4 	44 	0.0613057
1 	4 	45 	0.0616296
1 	4 	46 	0.0643131
1 	4 	47 	0.0661176
1 	4 	48 	0.0692639
1 	4 	49 	0.0710221
1 	4 	50 	0.0712071
1 	4 	51 	0.0728265
1 	4 	52 	0.0750937
1 	4 	53 	0.0780086
1 	4 	54 	0.0803683
1 	4 	55 	0.0810623
1 	4 	56 	0.0833295
1 	4 	57 	0.0837922
1 	4 	58 	0.0894369
1 	4 	59 	0.0906862
1 	4 	60 	0.0926294
1 	4 	61 	0.09411
1 	4 	62 	0.0981354
1 	4 	63 	0.0993846
1 	4 	64 	0.100495
1 	4 	65 	0.103456
1 	4 	66 	0.106279
1 	4 	67 	0.108129
1 	4 	68 	0.110304
1 	4 	69 	0.11072
1 	4 	70 	0.114191
1 	4 	71 	0.115717
1 	4 	72 	0.118401
1 	4 	73 	0.11965
1 	4 	74 	0.121177
1 	4 	75 	0.122519
1 	4 	76 	0.124138
1 	4 	77 	0.125711
1 	4 	78 	0.129737
1 	4 	79 	0.133993
1 	4 	80 	0.134317
1 	4 	81 	0.136862
1 	4 	82 	0.137047
1 	4 	83 	0.137093
1 	4 	84 	0.141535
1 	4 	85 	0.142507
1 	4 	86 	0.145052
1 	4 	87 	0.14519
1 	4 	88 	0.150141
1 	4 	89 	0.150234
1 	4 	90 	0.151622
1 	4 	91 	0.152825
1 	4 	92 	0.157359
1 	4 	93 	0.160968
1 	4 	94 	0.161801
1 	4 	95 	0.162495
1 	4 	96 	0.164392
1 	4 	97 	0.169019
1 	4 	98 	0.169481
1 	4 	99 	0.171841
1 	4 	100 	0.17198
1 	4 	101 	0.174432
1 	4 	102 	0.175866
1 	4 	103 	0.178319
1 	4 	104 	0.17929
1 	4 	105 	0.181095
1 	4 	106 	0.183547
1 	4 	107 	0.186092
1 	4 	108 	0.186925
1 	4 	109 	0.188775
1 	4 	110 	0.193217
1 	4 	111 	0.193356
1 	4 	112 	0.195114
1 	4 	113 	0.195762
1 	4 	114 	0.198908
1 	4 	115 	0.202239
1 	4 	116 	0.20483
1 	4 	117 	0.205247
1 	4 	118 	0.207468
1 	4 	119 	0.210012
1 	4 	120 	0.210383
1 	4 	121 	0.212974
1 	4 	122 	0.21686
1 	4 	123 	0.217508
1 	4 	124 	0.218757
1 	4 	125 	0.220284
1 	4 	126 	0.225189
1 	4 	127 	0.226715
1 	4 	128 	0.226762
1 	4 	129 	0.22889
1 	4 	130 	0.232175
1 	4 	131 	0.233424
1 	4 	132 	0.235877
1 	4 	133 	0.237681
1 	4 	134 	0.240133
1 	4 	135 	0.242169
1 	4 	136 	0.243788
1 	4 	137 	0.247582
1 	4 	138 	0.248832
1 	4 	139 	0.251145
1 	4 	140 	0.25295
1 	4 	141 	0.254847
1 	4 	142 	0.254985
1 	4 	143 	0.257391
1 	4 	144 	0.261602
1 	4 	145 	0.263129
1 	4 	146 	0.263406
1 	4 	147 	0.267108
1 	4 	148 	0.270624
1 	4 	149 	0.271688
1 	4 	150 	0.272475
1 	4 	151 	0.273123
1 	4 	152 	0.277935
1 	4 	153 	0.278721
1 	4 	154 	0.280803
1 	4 	155 	0.281914
1 	4 	156 	0.28543
1 	4 	157 	0.285615
1 	4 	158 	0.287049
1 	4 	159 	0.290057
1 	4 	160 	0.293203
1 	4 	161 	0.295563
1 	4 	162 	0.297784
1 	4 	163 	0.297969
1 	4 	164 	0.298385
1 	4 	165 	0.304354
1 	4 	166 	0.30514
1 	4 	167 	0.307037
1 	4 	168 	0.309258
1 	4 	169 	0.310045
1 	4 	170 	0.312034
1 	4 	171 	0.315319
1 	4 	172 	0.315643
1 	4 	173 	0.321843
1 	4 	174 	0.323
1 	4 	175 	0.323416
1 	4 	176 	0.323509
1 	4 	177 	0.327719
1 	4 	178 	0.330403
1 	4 	179 	0.332531
1 	4 	180 	0.333827
1 	4 	181 	0.334845
1 	4 	182 	0.339287
1 	4 	183 	0.340675
1 	4 	184 	0.342942
1 	4 	185 	0.343728
1 	4 	186 	0.344145
1 	4 	187 	0.349003
1 	4 	188 	0.350067
1 	4 	189 	0.351825
1 	4 	190 	0.355249
1 	4 	191 	0.356637
1 	4 	192 	0.358164
1 	4 	193 	0.360107
1 	4 	194 	0.361449
1 	4 	195 	0.36566
1 	4 	196 	0.367649
1 	4 	197 	0.368621
1 	4 	198 	0.370009
1 	4 	199 	0.37223
1 	4 	200 	0.37496
1 	4 	201 	0.376903
1 	4 	202 	0.378291
1 	4 	203 	0.378337
1 	4 	204 	0.3819
1 	4 	205 	0.384583
1 	4 	206 	0.386619
1 	4 	207 	0.390136
1 	4 	208 	0.391431
1 	4 	209 	0.392356
1 	4 	210 	0.395549
1 	4 	211 	0.396428
1 	4 	212 	0.401147
1 	4 	213 	0.402536
1 	4 	214 	0.40323
1 	4 	215 	0.404895
1 	4 	216 	0.409985
1 	4 	217 	0.412067
1 	4 	218 	0.41327
1 	4 	219 	0.413964
1 	4 	220 	0.418961
1 	4 	221 	0.420858
1 	4 	222 	0.421783
1 	4 	223 	0.422894
1 	4 	224 	0.427335
1 	4 	225 	0.428631
1 	4 	226 	0.430435
1 	4 	227 	0.434368
1 	4 	228 	0.434507
1 	4 	229 	0.435571
1 	4 	230 	0.440661
1 	4 	231 	0.441956
1 	4 	232 	0.443344
1 	4 	233 	0.448249
1 	4 	234 	0.448711
1 	4 	235 	0.450099
1 	4 	236 	0.451811
1 	4 	237 	0.453847
1 	4 	238 	0.457132
1 	4 	239 	0.461759
1 	4 	240 	0.462222
1 	4 	241 	0.464073
1 	4 	242 	0.465229
1 	4 	243 	0.468468
1 	4 	244 	0.468746
1 	4 	245 	0.471383
1 	4 	246 	0.47638
1 	4 	247 	0.476611
1 	4 	248 	0.476889
1 	4 	249 	0.480128
1 	4 	250 	0.482256
1 	4 	251 	0.485356
1 	4 	252 	0.485634
1 	4 	253 	0.487068
1 	4 	254 	0.490307
1 	4 	255 	0.491649
1 	4 	256 	0.492157
1 	4 	257 	0.494702
1 	4 	258 	0.495211
1 	4 	259 	0.499977
1 	4 	260 	0.500949
1 	4 	261 	0.504002
1 	4 	262 	0.506501
1 	4 	263 	0.507195
1 	4 	264 	0.512562
1 	4 	265 	0.513071
1 	4 	266 	0.514366
1 	4 	267 	0.518901
1 	4 	268 	0.520613
1 	4 	269 	0.522232
1 	4 	270 	0.523296
1 	4 	271 	0.523898
1 	4 	272 	0.530838
1 	4 	273 	0.53181
1 	4 	274 	0.532735
1 	4 	275 	0.533429
1 	4 	276 	0.534354
1 	4 	277 	0.541804
1 	4 	278 	0.542174
1 	4 	279 	0.542729
1 	4 	280 	0.547587
1 	4 	281 	0.54842
1 	4 	282 	0.549114
1 	4 	283 	0.552214
1 	4 	284 	0.556748
1 	4 	285 	0.559617
1 	4 	286 	0.560542
1 	4 	287 	0.566094
1 	4 	288 	0.56739
1 	4 	289 	0.569287
1 	4 	290 	0.570212
1 	4 	291 	0.575209
1 	4 	292 	0.575209
1 	4 	293 	0.578494
1 	4 	294 	0.579929
1 	4 	295 	0.581594
1 	4 	296 	0.5871
1 	4 	297 	0.587702
1 	4 	298 	0.588673
1 	4 	299 	0.594365
1 	4 	300 	0.596585
1 	4 	301 	0.597326
1 	4 	302 	0.601444
1 	4 	303 	0.603664
1 	4 	304 	0.605053
1 	4 	305 	0.608106
1 	4 	306 	0.610558
1 	4 	307 	0.611623
1 	4 	308 	0.612085
1 	4 	309 	0.616064
1 	4 	310 	0.619627
1 	4 	311 	0.622773
1 	4 	312 	0.62319
1 	4 	313 	0.624161
1 	4 	314 	0.629714
1 	4 	315 	0.630546
1 	4 	316 	0.631888
1 	4 	317 	0.635081
1 	4 	318 	0.63522
1 	4 	319 	0.637209
1 	4 	320 	0.637718
1 	4 	321 	0.639245
1 	4 	322 	0.642484
1 	4 	323 	0.645306
1 	4 	324 	0.646879
1 	4 	325 	0.648128
1 	4 	326 	0.650951
1 	4 	327 	0.653079
1 	4 	328 	0.65419
1 	4 	329 	0.657567
1 	4 	330 	0.658631
1 	4 	331 	0.66187
1 	4 	332 	0.665525
1 	4 	333 	0.665896
1 	4 	334 	0.666775
1 	4 	335 	0.669967
1 	4 	336 	0.674409
1 	4 	337 	0.678203
1 	4 	338 	0.678804
1 	4 	339 	0.683246
1 	4 	340 	0.687503
1 	4 	341 	0.688336
1 	4 	342 	0.690695
1 	4 	343 	0.690742
1 	4 	344 	0.693518
1 	4 	345 	0.696942
1 	4 	346 	0.698145
1 	4 	347 	0.699857
1 	4 	348 	0.700134
1 	4 	349 	0.701383
1 	4 	350 	0.701985
1 	4 	351 	0.706704
1 	4 	352 	0.710221
1 	4 	353 	0.710961
1 	4 	354 	0.712395
1 	4 	355 	0.720631
1 	4 	356 	0.720955
1 	4 	357 	0.721788
1 	4 	358 	0.725674
1 	4 	359 	0.729006
1 	4 	360 	0.729052
1 	4 	361 	0.734928
1 	4 	362 	0.735853
1 	4 	363 	0.739046
1 	4 	364 	0.739277
1 	4 	365 	0.740156
1 	4 	366 	0.742424
1 	4 	367 	0.74594
1 	4 	368 	0.750289
1 	4 	369 	0.750659
1 	4 	370 	0.750937
1 	4 	371 	0.753343
1 	4 	372 	0.759774
1 	4 	373 	0.760098
1 	4 	374 	0.760283
1 	4 	375 	0.762041
1 	4 	376 	0.764309
1 	4 	377 	0.765095
1 	4 	378 	0.767501
1 	4 	379 	0.769583
1 	4 	380 	0.774256
1 	4 	381 	0.777217
1 	4 	382 	0.777541
1 	4 	383 	0.777911
1 	4 	384 	0.779716
1 	4 	385 	0.784111
1 	4 	386 	0.785083
1 	4 	387 	0.785777
1 	4 	388 	0.786193
1 	4 	389 	0.791005
1 	4 	390 	0.791653
1 	4 	391 	0.796141
1 	4 	392 	0.796465
1 	4 	393 	0.796604
1 	4 	394 	0.800537
1 	4 	395 	0.802711
1 	4 	396 	0.804007
1 	4 	397 	0.805996
1 	4 	398 	0.809096
1 	4 	399 	0.809235
1 	4 	400 	0.811872
1 	4 	401 	0.812104
1 	4 	402 	0.817702
1 	4 	403 	0.818211
1 	4 	404 	0.819784
1 	4 	405 	0.820941
1 	4 	406 	0.823393
1 	4 	407 	0.826077
1 	4 	408 	0.826355
1 	4 	409 	0.82691
1 	4 	410 	0.832693
1 	4 	411 	0.833619
1 	4 	412 	0.836163
1 	4 	413 	0.836719
1 	4 	414 	0.841577
1 	4 	415 	0.842502
1 	4 	416 	0.844445
1 	4 	417 	0.845093
1 	4 	418 	0.848748
1 	4 	419 	0.853236
1 	4 	420 	0.85356
1 	4 	421 	0.853931
1 	4 	422 	0.855689
1 	4 	423 	0.859298
1 	4 	424 	0.86212
1 	4 	425 	0.864295
1 	4 	426 	0.864757
1 	4 	427 	0.865729
1 	4 	428 	0.870495
1 	4 	429 	0.871189
1 	4 	430 	0.872021
1 	4 	431 	0.875769
1 	4 	432 	0.876741
1 	4 	433 	0.877018
1 	4 	434 	0.880165
1 	4 	435 	0.880674
1 	4 	436 	0.885717
1 	4 	437 	0.887892
1 	4 	438 	0.889187
1 	4 	439 	0.889511
1 	4 	440 	0.892565
1 	4 	441 	0.895433
1 	4 	442 	0.895942
1 	4 	443 	0.896636
1 	4 	444 	0.898348
1 	4 	445 	0.902651
1 	4 	446 	0.905242
1 	4 	447 	0.907278
1 	4 	448 	0.907926
1 	4 	449 	0.910841
1 	4 	450 	0.912923
1 	4 	451 	0.914681
1 	4 	452 	0.916902
1 	4 	453 	0.919262
1 	4 	454 	0.92139
1 	4 	455 	0.923009
1 	4 	456 	0.923611
1 	4 	457 	0.925323
1 	4 	458 	0.9287
1 	4 	459 	0.929394
1 	4 	460 	0.933096
1 	4 	461 	0.934206
1 	4 	462 	0.936612
1 	4 	463 	0.940499
1 	4 	464 	0.940684
1 	4 	465 	0.940869
1 	4 	466 	0.945311
1 	4 	467 	0.945681
1 	4 	468 	0.947069
1 	4 	469 	0.949429
1 	4 	470 	0.95586
1 	4 	471 	0.956461
1 	4 	472 	0.957017
1 	4 	473 	0.957248
1 	4 	474 	0.961967
1 	4 	475 	0.964975
1 	4 	476 	0.966502
1 	4 	477 	0.966779
1 	4 	478 	0.96863
1 	4 	479 	0.972609
1 	4 	480 	0.972887
1 	4 	481 	0.976264
1 	4 	482 	0.978578
1 	4 	483 	0.97904
1 	4 	484 	0.981308
1 	4 	485 	0.982834
1 	4 	486 	0.986767
1 	4 	487 	0.98723
1 	4 	488 	0.989173
1 	4 	489 	0.991163
1 	4 	490 	0.992319
1 	4 	491 	0.997779
1 	4 	492 	0.99889
1 	4 	493 	0.999306
1 	4 	494 	1
1 	4 	495 	1
1 	4 	496 	1
1 	4 	497 	1
1 	4 	498 	1
1 	4 	499 	1
1 	4 	500 	1
1 	4 	501 	1
1 	4 	502 	1
1 	4 	503 	1
1 	4 	504 	1
1 	4 	505 	1
1 	4 	506 	1
1 	4 	507 	1
1 	4 	508 	1
1 	4 	509 	1
1 	4 	510 	1
1 	4 	511 	1
1 	4 	512 	1
1 	4 	513 	1
1 	4 	514 	1
1 	4 	515 	1
1 	4 	516 	1
1 	4 	517 	1
1 	4 	518 	1
1 	4 	519 	1
1 	4 	520 	1
1 	4 	521 	1
1 	4 	522 	1
1 	4 	523 	1
1 	4 	524 	1
1 	4 	525 	1
1 	4 	526 	1
1 	4 	527 	1
1 	4 	528 	1
1 	4 	529 	1
1 	4 	530 	1
1 	4 	531 	1
1 	4 	532 	1
1 	4 	533 	1
1 	4 	534 	1
1 	4 	535 	1
1 	4 	536 	1
1 	4 	537 	1
1 	4 	538 	1
1 	4 	539 	1
1 	4 	540 	1
1 	4 	541 	1
1 	4 	542 	1
1 	4 	543 	1
1 	4 	544 	1
1 	4 	545 	1
1 	4 	546 	1
1 	4 	547 	1
1 	4 	548 	1
1 	4 	549 	1
1 	4 	550 	1
1 	4 	551 	1
1 	4 	552 	1
1 	4 	553 	1
1 	4 	554 	1
1 	4 	555 	1
1 	4 	556 	1
1 	4 	557 	1
1 	4 	558 	1
1 	4 	559 	1
1 	4 	560 	1
1 	4 	561 	1
1 	4 	562 	1
1 	4 	563 	1
1 	4 	564 	1
1 	4 	565 	1
1 	4 	566 	1
1 	4 	567 	1
1 	4 	568 	1
1 	4 	569 	1
1 	4 	570 	1
1 	4 	571 	1
1 	4 	572 	1
1 	4 	573 	1
1 	4 	574 	1
1 	4 	575 	1
1 	4 	576 	1
1 	4 	577 	1
1 	4 	578 	1
1 	4 	579 	1
1 	4 	580 	1
1 	4 	581 	1
1 	4 	582 	1
1 	4 	583 	1
1 	4 	584 	1
1 	4 	585 	1
1 	4 	586 	1
1 	4 	587 	1
1 	4 	588 	1
1 	4 	589 	1
1 	4 	590 	1
1 	4 	591 	1
1 	4 	592 	1
1 	4 	593 	1
1 	4 	594 	1
1 	4 	595 	1
1 	4 	596 	1
1 	4 	597 	1
1 	4 	598 	1
1 	4 	599 	1
1 	5 	16 	0.00395917
1 	5 	17 	0.010208
1 	5 	18 	0.011639
1 	5 	19 	0.0136424
1 	5 	20 	0.0201297
1 	5 	21 	0.0210361
1 	5 	22 	0.0217516
1 	5 	23 	0.024232
1 	5 	24 	0.0244705
1 	5 	25 	0.0300992
1 	5 	26 	0.0305285
1 	5 	27 	0.0327228
1 	5 	28 	0.0332475
1 	5 	29 	0.0341538
1 	5 	30 	0.0381607
1 	5 	31 	0.0392578
1 	5 	32 	0.0394486
1 	5 	33 	0.0410227
1 	5 	34 	0.0443141
1 	5 	35 	0.0466991
1 	5 	36 	0.0484163
1 	5 	37 	0.049752
1 	5 	38 	0.0515646
1 	5 	39 	0.0541404
1 	5 	40 	0.0553807
1 	5 	41 	0.0590059
1 	5 	42 	0.0609139
1 	5 	43 	0.0621542
1 	5 	44 	0.0633467
1 	5 	45 	0.0641099
1 	5 	46 	0.0701202
1 	5 	47 	0.0709311
1 	5 	48 	0.0724575
1 	5 	49 	0.0741271
1 	5 	50 	0.0783724
1 	5 	51 	0.0791834
1 	5 	52 	0.0818546
1 	5 	53 	0.0826655
1 	5 	54 	0.0860046
1 	5 	55 	0.0874356
1 	5 	56 	0.087531
1 	5 	57 	0.0886758
1 	5 	58 	0.0940183
1 	5 	59 	0.095497
1 	5 	60 	0.0964988
1 	5 	61 	0.0975959
1 	5 	62 	0.098693
1 	5 	63 	0.104035
1 	5 	64 	0.105562
1 	5 	65 	0.108806
1 	5 	66 	0.110523
1 	5 	67 	0.111095
1 	5 	68 	0.114482
1 	5 	69 	0.117153
1 	5 	70 	0.117726
1 	5 	71 	0.12283
1 	5 	72 	0.124118
1 	5 	73 	0.125119
1 	5 	74 	0.126503
1 	5 	75 	0.128315
1 	5 	76 	0.132847
1 	5 	77 	0.133085
1 	5 	78 	0.134326
1 	5 	79 	0.134803
1 	5 	80 	0.138475
1 	5 	81 	0.140336
1 	5 	82 	0.140527
1 	5 	83 	0.142292
1 	5 	84 	0.147109
1 	5 	85 	0.150258
1 	5 	86 	0.150639
1 	5 	87 	0.152929
1 	5 	88 	0.156554
1 	5 	89 	0.157651
1 	5 	90 	0.159082
1 	5 	91 	0.16266
1 	5 	92 	0.163185
1 	5 	93 	0.165188
1 	5 	94 	0.165951
1 	5 	95 	0.167478
1 	5 	96 	0.171103
1 	5 	97 	0.174013
1 	5 	98 	0.174156
1 	5 	99 	0.177876
1 	5 	100 	0.179069
1 	5 	101 	0.181883
1 	5 	102 	0.182313
1 	5 	103 	0.183648
1 	5 	104 	0.187178
1 	5 	105 	0.188943
1 	5 	106 	0.191423
1 	5 	107 	0.191805
1 	5 	108 	0.192234
1 	5 	109 	0.196766
1 	5 	110 	0.2002
1 	5 	111 	0.200534
1 	5 	112 	0.201393
1 	5 	113 	0.202061
1 	5 	114 	0.206878
1 	5 	115 	0.207165
1 	5 	116 	0.211267
1 	5 	117 	0.213318
1 	5 	118 	0.217325
1 	5 	119 	0.218565
1 	5 	120 	0.219758
1 	5 	121 	0.219901
1 	5 	122 	0.224385
1 	5 	123 	0.225386
1 	5 	124 	0.226531
1 	5 	125 	0.227438
1 	5 	126 	0.23402
1 	5 	127 	0.234163
1 	5 	128 	0.237932
1 	5 	129 	0.23984
1 	5 	130 	0.241271
1 	5 	131 	0.245612
1 	5 	132 	0.247901
1 	5 	133 	0.248569
1 	5 	134 	0.253816
1 	5 	135 	0.253959
1 	5 	136 	0.257871
1 	5 	137 	0.258109
1 	5 	138 	0.25892
1 	5 	139 	0.264358
1 	5 	140 	0.26474
1 	5 	141 	0.265026
1 	5 	142 	0.268365
1 	5 	143 	0.269319
1 	5 	144 	0.275186
1 	5 	145 	0.275329
1 	5 	146 	0.276569
1 	5 	147 	0.276856
1 	5 	148 	0.283772
1 	5 	149 	0.284822
1 	5 	150 	0.285394
1 	5 	151 	0.285585
1 	5 	152 	0.287445
1 	5 	153 	0.293074
1 	5 	154 	0.294791
1 	5 	155 	0.29522
1 	5 	156 	0.297176
1 	5 	157 	0.297319
1 	5 	158 	0.299227
1 	5 	159 	0.303616
1 	5 	160 	0.305715
1 	5 	161 	0.30829
1 	5 	162 	0.310342
1 	5 	163 	0.311629
1 	5 	164 	0.312011
1 	5 	165 	0.31721
1 	5 	166 	0.317592
1 	5 	167 	0.3195
1 	5 	168 	0.320788
1 	5 	169 	0.323221
1 	5 	170 	0.328229
1 	5 	171 	0.330042
1 	5 	172 	0.331091
1 	5 	173 	0.331664
1 	5 	174 	0.337102
1 	5 	175 	0.337483
1 	5 	176 	0.340584
1 	5 	177 	0.341347
1 	5 	178 	0.345259
1 	5 	179 	0.345783
1 	5 	180 	0.347977
1 	5 	181 	0.349361
1 	5 	182 	0.351937
1 	5 	183 	0.356468
1 	5 	184 	0.356659
1 	5 	185 	0.35685
1 	5 	186 	0.361334
1 	5 	187 	0.361811
1 	5 	188 	0.365531
1 	5 	189 	0.366199
1 	5 	190 	0.368584
1 	5 	191 	0.371112
1 	5 	192 	0.372257
1 	5 	193 	0.376216
1 	5 	194 	0.376789
1 	5 	195 	0.377266
1 	5 	196 	0.378649
1 	5 	197 	0.381607
1 	5 	198 	0.382227
1 	5 	199 	0.386281
1 	5 	200 	0.389763
1 	5 	201 	0.390002
1 	5 	202 	0.390908
1 	5 	203 	0.392148
1 	5 	204 	0.397205
1 	5 	205 	0.3973
1 	5 	206 	0.398493
1 	5 	207 	0.400544
1 	5 	208 	0.404694
1 	5 	209 	0.404885
1 	5 	210 	0.407747
1 	5 	211 	0.40913
1 	5 	212 	0.413805
1 	5 	213 	0.415665
1 	5 	214 	0.416667
1 	5 	215 	0.41867
1 	5 	216 	0.422057
1 	5 	217 	0.425682
1 	5 	218 	0.426016
1 	5 	219 	0.426255
1 	5 	220 	0.428306
1 	5 	221 	0.433505
1 	5 	222 	0.434221
1 	5 	223 	0.435747
1 	5 	224 	0.437273
1 	5 	225 	0.437512
1 	5 	226 	0.441805
1 	5 	227 	0.444381
1 	5 	228 	0.444715
1 	5 	229 	0.445526
1 	5 	230 	0.451488
1 	5 	231 	0.451631
1 	5 	232 	0.453158
1 	5 	233 	0.453349
1 	5 	234 	0.457212
1 	5 	235 	0.458834
1 	5 	236 	0.460361
1 	5 	237 	0.462221
1 	5 	238 	0.46494
1 	5 	239 	0.467802
1 	5 	240 	0.46804
1 	5 	241 	0.469138
1 	5 	242 	0.473335
1 	5 	243 	0.476197
1 	5 	244 	0.476436
1 	5 	245 	0.481206
1 	5 	246 	0.482112
1 	5 	247 	0.483448
1 	5 	248 	0.485308
1 	5 	249 	0.486548
1 	5 	250 	0.487741
1 	5 	251 	0.490603
1 	5 	252 	0.49418
1 	5 	253 	0.495373
1 	5 	254 	0.495755
1 	5 	255 	0.498855
1 	5 	256 	0.501097
1 	5 	257 	0.501479
1 	5 	258 	0.505676
1 	5 	259 	0.506106
1 	5 	260 	0.510733
1 	5 	261 	0.511973
1 	5 	262 	0.512164
1 	5 	263 	0.512736
1 	5 	264 	0.516266
1 	5 	265 	0.519796
1 	5 	266 	0.522085
1 	5 	267 	0.522849
1 	5 	268 	0.52552
1 	5 	269 	0.528096
1 	5 	270 	0.528716
1 	5 	271 	0.531053
1 	5 	272 	0.535203
1 	5 	273 	0.536443
1 	5 	274 	0.537302
1 	5 	275 	0.539449
1 	5 	276 	0.542597
1 	5 	277 	0.544696
1 	5 	278 	0.545411
1 	5 	279 	0.548178
1 	5 	280 	0.550324
1 	5 	281 	0.553043
1 	5 	282 	0.55581
1 	5 	283 	0.559149
1 	5 	284 	0.563537
1 	5 	285 	0.565064
1 	5 	286 	0.566447
1 	5 	287 	0.567783
1 	5 	288 	0.57365
1 	5 	289 	0.575415
1 	5 	290 	0.577609
1 	5 	291 	0.579947
1 	5 	292 	0.580662
1 	5 	293 	0.583095
1 	5 	294 	0.583429
1 	5 	295 	0.586911
1 	5 	296 	0.590059
1 	5 	297 	0.590393
1 	5 	298 	0.592921
1 	5 	299 	0.598502
1 	5 	300 	0.600935
1 	5 	301 	0.6027
1 	5 	302 	0.606325
1 	5 	303 	0.607708
1 	5 	304 	0.609807
1 	5 	305 	0.611334
1 	5 	306 	0.612669
1 	5 	307 	0.615007
1 	5 	308 	0.615293
1 	5 	309 	0.617869
1 	5 	310 	0.623068
1 	5 	311 	0.624928
1 	5 	312 	0.625644
1 	5 	313 	0.626646
1 	5 	314 	0.631082
1 	5 	315 	0.633896
1 	5 	316 	0.635709
1 	5 	317 	0.636615
1 	5 	318 	0.637188
1 	5 	319 	0.642912
1 	5 	320 	0.643866
1 	5 	321 	0.645774
1 	5 	322 	0.646919
1 	5 	323 	0.64835
1 	5 	324 	0.652213
1 	5 	325 	0.65331
1 	5 	326 	0.656077
1 	5 	327 	0.656888
1 	5 	328 	0.661563
1 	5 	329 	0.663757
1 	5 	330 	0.664139
1 	5 	331 	0.664568
1 	5 	332 	0.668098
1 	5 	333 	0.668813
1 	5 	334 	0.670435
1 	5 	335 	0.672009
1 	5 	336 	0.676684
1 	5 	337 	0.678496
1 	5 	338 	0.680261
1 	5 	339 	0.683791
1 	5 	340 	0.685222
1 	5 	341 	0.691137
1 	5 	342 	0.691996
1 	5 	343 	0.694381
1 	5 	344 	0.694762
1 	5 	345 	0.698579
1 	5 	346 	0.700296
1 	5 	347 	0.701441
1 	5 	348 	0.702824
1 	5 	349 	0.704684
1 	5 	350 	0.706592
1 	5 	351 	0.708309
1 	5 	352 	0.712221
1 	5 	353 	0.714272
1 	5 	354 	0.716705
1 	5 	355 	0.718899
1 	5 	356 	0.721809
1 	5 	357 	0.724385
1 	5 	358 	0.728535
1 	5 	359 	0.729489
1 	5 	360 	0.731158
1 	5 	361 	0.733782
1 	5 	362 	0.735547
1 	5 	363 	0.736501
1 	5 	364 	0.739458
1 	5 	365 	0.741128
1 	5 	366 	0.741843
1 	5 	367 	0.746852
1 	5 	368 	0.749666
1 	5 	369 	0.750572
1 	5 	370 	0.751717
1 	5 	371 	0.752194
1 	5 	372 	0.7583
1 	5 	373 	0.759063
1 	5 	374 	0.761544
1 	5 	375 	0.762784
1 	5 	376 	0.765789
1 	5 	377 	0.765884
1 	5 	378 	0.769462
1 	5 	379 	0.770273
1 	5 	380 	0.775568
1 	5 	381 	0.776188
1 	5 	382 	0.778143
1 	5 	383 	0.778477
1 	5 	384 	0.781101
1 	5 	385 	0.785251
1 	5 	386 	0.785776
1 	5 	387 	0.787541
1 	5 	388 	0.789258
1 	5 	389 	0.793265
1 	5 	390 	0.795697
1 	5 	391 	0.795936
1 	5 	392 	0.796413
1 	5 	393 	0.796985
1 	5 	394 	0.80333
1 	5 	395 	0.805381
1 	5 	396 	0.80643
1 	5 	397 	0.807146
1 	5 	398 	0.812106
1 	5 	399 	0.813013
1 	5 	400 	0.815159
1 	5 	401 	0.817544
1 	5 	402 	0.820931
1 	5 	403 	0.822171
1 	5 	404 	0.822839
1 	5 	405 	0.822839
1 	5 	406 	0.827371
1 	5 	407 	0.830567
1 	5 	408 	0.831664
1 	5 	409 	0.832045
1 	5 	410 	0.832284
1 	5 	411 	0.837674
1 	5 	412 	0.838485
1 	5 	413 	0.842444
1 	5 	414 	0.843017
1 	5 	415 	0.843398
1 	5 	416 	0.84855
1 	5 	417 	0.848788
1 	5 	418 	0.850267
1 	5 	419 	0.853892
1 	5 	420 	0.855896
1 	5 	421 	0.856039
1 	5 	422 	0.860093
1 	5 	423 	0.860618
1 	5 	424 	0.86515
1 	5 	425 	0.866485
1 	5 	426 	0.866819
1 	5 	427 	0.867249
1 	5 	428 	0.871876
1 	5 	429 	0.874642
1 	5 	430 	0.876264
1 	5 	431 	0.876789
1 	5 	432 	0.879365
1 	5 	433 	0.882322
1 	5 	434 	0.885232
1 	5 	435 	0.88528
1 	5 	436 	0.888714
1 	5 	437 	0.890097
1 	5 	438 	0.893961
1 	5 	439 	0.896442
1 	5 	440 	0.897205
1 	5 	441 	0.89854
1 	5 	442 	0.902547
1 	5 	443 	0.902738
1 	5 	444 	0.906506
1 	5 	445 	0.907317
1 	5 	446 	0.910609
1 	5 	447 	0.911372
1 	5 	448 	0.912755
1 	5 	449 	0.913375
1 	5 	450 	0.919052
1 	5 	451 	0.919815
1 	5 	452 	0.920435
1 	5 	453 	0.921771
1 	5 	454 	0.924585
1 	5 	455 	0.92988
1 	5 	456 	0.931979
1 	5 	457 	0.932313
1 	5 	458 	0.934268
1 	5 	459 	0.935413
1 	5 	460 	0.93651
1 	5 	461 	0.941042
1 	5 	462 	0.942425
1 	5 	463 	0.944762
1 	5 	464 	0.946575
1 	5 	465 	0.948769
1 	5 	466 	0.952013
1 	5 	467 	0.952824
1 	5 	468 	0.954589
1 	5 	469 	0.956211
1 	5 	470 	0.961028
1 	5 	471 	0.96432
1 	5 	472 	0.964558
1 	5 	473 	0.966657
1 	5 	474 	0.968804
1 	5 	475 	0.972667
1 	5 	476 	0.974385
1 	5 	477 	0.975482
1 	5 	478 	0.976436
1 	5 	479 	0.980347
1 	5 	480 	0.980824
1 	5 	481 	0.98402
1 	5 	482 	0.98445
1 	5 	483 	0.985308
1 	5 	484 	0.991128
1 	5 	485 	0.991795
1 	5 	486 	0.992034
1 	5 	487 	0.995325
1 	5 	488 	0.99752
1 	5 	489 	0.999809
1 	5 	490 	1
1 	5 	491 	1
1 	5 	492 	1
1 	5 	493 	1
1 	5 	494 	1
1 	5 	495 	1
1 	5 	496 	1
1 	5 	497 	1
1 	5 	498 	1
1 	5 	499 	1
1 	5 	500 	1
1 	5 	501 	1
1 	5 	502 	1
1 	5 	503 	1
1 	5 	504 	1
1 	5 	505 	1
1 	5 	506 	1
1 	5 	507 	1
1 	5 	508 	1
1 	5 	509 	1
1 	5 	510 	1
1 	5 	511 	1
1 	5 	512 	1
1 	5 	513 	1
1 	5 	514 	1
1 	5 	515 	1
1 	5 	516 	1
1 	5 	517 	1
1 	5 	518 	1
1 	5 	519 	1
1 	5 	520 	1
1 	5 	521 	1
1 	5 	522 	1
1 	5 	523 	1
1 	5 	524 	1
1 	5 	525 	1
1 	5 	526 	1
1 	5 	527 	1
1 	5 	528 	1
1 	5 	529 	1
1 	5 	530 	1
1 	5 	531 	1
1 	5 	532 	1
1 	5 	533 	1
1 	5 	534 	1
1 	5 	535 	1
1 	5 	536 	1
1 	5 	537 	1
1 	5 	538 	1
1 	5 	539 	1
1 	5 	540 	1
1 	5 	541 	1
1 	5 	542 	1
1 	5 	543 	1
1 	5 	544 	1
1 	5 	545 	1
1 	5 	546 	1
1 	5 	547 	1
1 	5 	548 	1
1 	5 	549 	1
1 	5 	550 	1
1 	5 	551 	1
1 	5 	552 	1
1 	5 	553 	1
1 	5 	554 	1
1 	5 	555 	1
1 	5 	556 	1
1 	5 	557 	1
1 	5 	558 	1
1 	5 	559 	1
1 	5 	560 	1
1 	5 	561 	1
1 	5 	562 	1
1 	5 	563 	1
1 	5 	564 	1
1 	5 	565 	1
1 	5 	566 	1
1 	5 	567 	1
1 	5 	568 	1
1 	5 	569 	1
1 	5 	570 	1
1 	5 	571 	1
1 	5 	572 	1
1 	5 	573 	1
1 	5 	574 	1
1 	5 	575 	1
1 	5 	576 	1
1 	5 	577 	1
1 	5 	578 	1
1 	5 	579 	1
1 	5 	580 	1
1 	5 	581 	1
1 	5 	582 	1
1 	5 	583 	1
1 	5 	584 	1
1 	5 	585 	1
1 	5 	586 	1
1 	5 	587 	1
1 	5 	588 	1
1 	5 	589 	1
1 	5 	590 	1
1 	5 	591 	1
1 	5 	592 	1
1 	5 	593 	1
1 	5 	594 	1
1 	5 	595 	1
1 	5 	596 	1
1 	5 	597 	1
1 	5 	598 	1
1 	5 	599 	1
1 	6 	16 	0.000151076
1 	6 	17 	0.00747828
1 	6 	18 	0.00790633
1 	6 	19 	0.0111797
1 	6 	20 	0.0139242
1 	6 	21 	0.0176759
1 	6 	22 	0.0178522
1 	6 	23 	0.0186831
1 	6 	24 	0.0215284
1 	6 	25 	0.025129
1 	6 	26 	0.0264887
1 	6 	27 	0.0290822
1 	6 	28 	0.0294095
1 	6 	29 	0.0304419
1 	6 	30 	0.0335893
1 	6 	31 	0.0339922
1 	6 	32 	0.0345713
1 	6 	33 	0.0387007
1 	6 	34 	0.0435855
1 	6 	35 	0.0438373
1 	6 	36 	0.0442654
1 	6 	37 	0.0456251
1 	6 	38 	0.0516933
1 	6 	39 	0.0517437
1 	6 	40 	0.0541105
1 	6 	41 	0.0544882
1 	6 	42 	0.0573083
1 	6 	43 	0.0591464
1 	6 	44 	0.0602795
1 	6 	45 	0.0620169
1 	6 	46 	0.0677074
1 	6 	47 	0.0691426
1 	6 	48 	0.0696966
1 	6 	49 	0.070175
1 	6 	50 	0.0735239
1 	6 	51 	0.0761677
1 	6 	52 	0.076344
1 	6 	53 	0.0786856
1 	6 	54 	0.0798942
1 	6 	55 	0.0826388
1 	6 	56 	0.0828151
1 	6 	57 	0.0879265
1 	6 	58 	0.0897142
1 	6 	59 	0.091225
1 	6 	60 	0.0935918
1 	6 	61 	0.0965378
1 	6 	62 	0.0992068
1 	6 	63 	0.100541
1 	6 	64 	0.104646
1 	6 	65 	0.106484
1 	6 	66 	0.107692
1 	6 	67 	0.108951
1 	6 	68 	0.11225
1 	6 	69 	0.113408
1 	6 	70 	0.114415
1 	6 	71 	0.114541
1 	6 	72 	0.119829
1 	6 	73 	0.122296
1 	6 	74 	0.123001
1 	6 	75 	0.123102
1 	6 	76 	0.126098
1 	6 	77 	0.129145
1 	6 	78 	0.129397
1 	6 	79 	0.133174
1 	6 	80 	0.135591
1 	6 	81 	0.136649
1 	6 	82 	0.13685
1 	6 	83 	0.140048
1 	6 	84 	0.141055
1 	6 	85 	0.145713
1 	6 	86 	0.148055
1 	6 	87 	0.149163
1 	6 	88 	0.149389
1 	6 	89 	0.151479
1 	6 	90 	0.156767
1 	6 	91 	0.157497
1 	6 	92 	0.159235
1 	6 	93 	0.15936
1 	6 	94 	0.162508
1 	6 	95 	0.164346
1 	6 	96 	0.166788
1 	6 	97 	0.167065
1 	6 	98 	0.172806
1 	6 	99 	0.173864
1 	6 	100 	0.174493
1 	6 	101 	0.176054
1 	6 	102 	0.17958
1 	6 	103 	0.180964
1 	6 	104 	0.182249
1 	6 	105 	0.184061
1 	6 	106 	0.186806
1 	6 	107 	0.18882
1 	6 	108 	0.189979
1 	6 	109 	0.19164
1 	6 	110 	0.19645
1 	6 	111 	0.197835
1 	6 	112 	0.199748
1 	6 	113 	0.199924
1 	6 	114 	0.204583
1 	6 	115 	0.207327
1 	6 	116 	0.208007
1 	6 	117 	0.211255
1 	6 	118 	0.212716
1 	6 	119 	0.215183
1 	6 	120 	0.217676
1 	6 	121 	0.217953
1 	6 	122 	0.221402
1 	6 	123 	0.224122
1 	6 	124 	0.227017
1 	6 	125 	0.228377
1 	6 	126 	0.228604
1 	6 	127 	0.233136
1 	6 	128 	0.235201
1 	6 	129 	0.235528
1 	6 	130 	0.237114
1 	6 	131 	0.238424
1 	6 	132 	0.241672
1 	6 	133 	0.242629
1 	6 	134 	0.24492
1 	6 	135 	0.245323
1 	6 	136 	0.25056
1 	6 	137 	0.251366
1 	6 	138 	0.252197
1 	6 	139 	0.252524
1 	6 	140 	0.257988
1 	6 	141 	0.260279
1 	6 	142 	0.261841
1 	6 	143 	0.262067
1 	6 	144 	0.267305
1 	6 	145 	0.268312
1 	6 	146 	0.271081
1 	6 	147 	0.271585
1 	6 	148 	0.274632
1 	6 	149 	0.276696
1 	6 	150 	0.281128
1 	6 	151 	0.28143
1 	6 	152 	0.281883
1 	6 	153 	0.285081
1 	6 	154 	0.28838
1 	6 	155 	0.290671
1 	6 	156 	0.29329
1 	6 	157 	0.294549
1 	6 	158 	0.298426
1 	6 	159 	0.298678
1 	6 	160 	0.29966
1 	6 	161 	0.301624
1 	6 	162 	0.305174
1 	6 	163 	0.307667
1 	6 	164 	0.308851
1 	6 	165 	0.309556
1 	6 	166 	0.312451
1 	6 	167 	0.312653
1 	6 	168 	0.314491
1 	6 	169 	0.318167
1 	6 	170 	0.319955
1 	6 	171 	0.322347
1 	6 	172 	0.323178
1 	6 	173 	0.323832
1 	6 	174 	0.329498
1 	6 	175 	0.332368
1 	6 	176 	0.333954
1 	6 	177 	0.335465
1 	6 	178 	0.337555
1 	6 	179 	0.339997
1 	6 	180 	0.343044
1 	6 	181 	0.345285
1 	6 	182 	0.347375
1 	6 	183 	0.347501
1 	6 	184 	0.350598
1 	6 	185 	0.351731
1 	6 	186 	0.353166
1 	6 	187 	0.355382
1 	6 	188 	0.359864
1 	6 	189 	0.361778
1 	6 	190 	0.362533
1 	6 	191 	0.36281
1 	6 	192 	0.368425
1 	6 	193 	0.369659
1 	6 	194 	0.370364
1 	6 	195 	0.37268
1 	6 	196 	0.375903
1 	6 	197 	0.376457
1 	6 	198 	0.379982
1 	6 	199 	0.380133
1 	6 	200 	0.384288
1 	6 	201 	0.387159
1 	6 	202 	0.388015
1 	6 	203 	0.38882
1 	6 	204 	0.393126
1 	6 	205 	0.394108
1 	6 	206 	0.396173
1 	6 	207 	0.399748
1 	6 	208 	0.400881
1 	6 	209 	0.403173
1 	6 	210 	0.403903
1 	6 	211 	0.405968
1 	6 	212 	0.407554
1 	6 	213 	0.412313
1 	6 	214 	0.415611
1 	6 	215 	0.415787
1 	6 	216 	0.417903
1 	6 	217 	0.418532
1 	6 	218 	0.422007
1 	6 	219 	0.42241
1 	6 	220 	0.426438
1 	6 	221 	0.42664
1 	6 	222 	0.430794
1 	6 	223 	0.430996
1 	6 	224 	0.431172
1 	6 	225 	0.433111
1 	6 	226 	0.438399
1 	6 	227 	0.440287
1 	6 	228 	0.440539
1 	6 	229 	0.441345
1 	6 	230 	0.44633
1 	6 	231 	0.447186
1 	6 	232 	0.448319
1 	6 	233 	0.45051
1 	6 	234 	0.453481
1 	6 	235 	0.455344
1 	6 	236 	0.455747
1 	6 	237 	0.455772
1 	6 	238 	0.462017
1 	6 	239 	0.465114
1 	6 	240 	0.46602
1 	6 	241 	0.466574
1 	6 	242 	0.467002
1 	6 	243 	0.473574
1 	6 	244 	0.47438
1 	6 	245 	0.474959
1 	6 	246 	0.478686
1 	6 	247 	0.479038
1 	6 	248 	0.484452
1 	6 	249 	0.484829
1 	6 	250 	0.486189
1 	6 	251 	0.4877
1 	6 	252 	0.492383
1 	6 	253 	0.493718
1 	6 	254 	0.494901
1 	6 	255 	0.495707
1 	6 	256 	0.499408
1 	6 	257 	0.500415
1 	6 	258 	0.501246
1 	6 	259 	0.503991
1 	6 	260 	0.505552
1 	6 	261 	0.509681
1 	6 	262 	0.509933
1 	6 	263 	0.512275
1 	6 	264 	0.515196
1 	6 	265 	0.517764
1 	6 	266 	0.519224
1 	6 	267 	0.519476
1 	6 	268 	0.521264
1 	6 	269 	0.524991
1 	6 	270 	0.52849
1 	6 	271 	0.53262
1 	6 	272 	0.532897
1 	6 	273 	0.533677
1 	6 	274 	0.537908
1 	6 	275 	0.538109
1 	6 	276 	0.53967
1 	6 	277 	0.541357
1 	6 	278 	0.545915
1 	6 	279 	0.547576
1 	6 	280 	0.547979
1 	6 	281 	0.548407
1 	6 	282 	0.556364
1 	6 	283 	0.557296
1 	6 	284 	0.558731
1 	6 	285 	0.56344
1 	6 	286 	0.563968
1 	6 	287 	0.567342
1 	6 	288 	0.568853
1 	6 	289 	0.574921
1 	6 	290 	0.574946
1 	6 	291 	0.575148
1 	6 	292 	0.577565
1 	6 	293 	0.580058
1 	6 	294 	0.583105
1 	6 	295 	0.587738
1 	6 	296 	0.588392
1 	6 	297 	0.592774
1 	6 	298 	0.594461
1 	6 	299 	0.599496
1 	6 	300 	0.602266
1 	6 	301 	0.604432
1 	6 	302 	0.60559
1 	6 	303 	0.607302
1 	6 	304 	0.609291
1 	6 	305 	0.612388
1 	6 	306 	0.613093
1 	6 	307 	0.615259
1 	6 	308 	0.617852
1 	6 	309 	0.61823
1 	6 	310 	0.621982
1 	6 	311 	0.622284
1 	6 	312 	0.626237
1 	6 	313 	0.629107
1 	6 	314 	0.630266
1 	6 	315 	0.633489
1 	6 	316 	0.636057
1 	6 	317 	0.636334
1 	6 	318 	0.637064
1 	6 	319 	0.637744
1 	6 	320 	0.64074
1 	6 	321 	0.64424
1 	6 	322 	0.646506
1 	6 	323 	0.646783
1 	6 	324 	0.651593
1 	6 	325 	0.652121
1 	6 	326 	0.654161
1 	6 	327 	0.655218
1 	6 	328 	0.659574
1 	6 	329 	0.660833
1 	6 	330 	0.66315
1 	6 	331 	0.666474
1 	6 	332 	0.666826
1 	6 	333 	0.671056
1 	6 	334 	0.671308
1 	6 	335 	0.674078
1 	6 	336 	0.674229
1 	6 	337 	0.677553
1 	6 	338 	0.682085
1 	6 	339 	0.682286
1 	6 	340 	0.685006
1 	6 	341 	0.688229
1 	6 	342 	0.694347
1 	6 	343 	0.694599
1 	6 	344 	0.695606
1 	6 	345 	0.697344
1 	6 	346 	0.699207
1 	6 	347 	0.705351
1 	6 	348 	0.705728
1 	6 	349 	0.706005
1 	6 	350 	0.70603
1 	6 	351 	0.710538
1 	6 	352 	0.712904
1 	6 	353 	0.715548
1 	6 	354 	0.717059
1 	6 	355 	0.720962
1 	6 	356 	0.722045
1 	6 	357 	0.727282
1 	6 	358 	0.728692
1 	6 	359 	0.731361
1 	6 	360 	0.734206
1 	6 	361 	0.734836
1 	6 	362 	0.736548
1 	6 	363 	0.740979
1 	6 	364 	0.741861
1 	6 	365 	0.745109
1 	6 	366 	0.74667
1 	6 	367 	0.746871
1 	6 	368 	0.751051
1 	6 	369 	0.752889
1 	6 	370 	0.756188
1 	6 	371 	0.756238
1 	6 	372 	0.758756
1 	6 	373 	0.75994
1 	6 	374 	0.762936
1 	6 	375 	0.766562
1 	6 	376 	0.766889
1 	6 	377 	0.768551
1 	6 	378 	0.77122
1 	6 	379 	0.771698
1 	6 	380 	0.774292
1 	6 	381 	0.776508
1 	6 	382 	0.779151
1 	6 	383 	0.779353
1 	6 	384 	0.783432
1 	6 	385 	0.784061
1 	6 	386 	0.787662
1 	6 	387 	0.788065
1 	6 	388 	0.789198
1 	6 	389 	0.790029
1 	6 	390 	0.796148
1 	6 	391 	0.796374
1 	6 	392 	0.797407
1 	6 	393 	0.798263
1 	6 	394 	0.802342
1 	6 	395 	0.805414
1 	6 	396 	0.806748
1 	6 	397 	0.807806
1 	6 	398 	0.808989
1 	6 	399 	0.811154
1 	6 	400 	0.815813
1 	6 	401 	0.81619
1 	6 	402 	0.819036
1 	6 	403 	0.820471
1 	6 	404 	0.821931
1 	6 	405 	0.824223
1 	6 	406 	0.824902
1 	6 	407 	0.826564
1 	6 	408 	0.82951
1 	6 	409 	0.830215
1 	6 	410 	0.833262
1 	6 	411 	0.833438
1 	6 	412 	0.836787
1 	6 	413 	0.84074
1 	6 	414 	0.841219
1 	6 	415 	0.84137
1 	6 	416 	0.84774
1 	6 	417 	0.848017
1 	6 	418 	0.848974
1 	6 	419 	0.852801
1 	6 	420 	0.857157
1 	6 	421 	0.857208
1 	6 	422 	0.857359
1 	6 	423 	0.859952
1 	6 	424 	0.862873
1 	6 	425 	0.866323
1 	6 	426 	0.8666
1 	6 	427 	0.868337
1 	6 	428 	0.872466
1 	6 	429 	0.874053
1 	6 	430 	0.875689
1 	6 	431 	0.876369
1 	6 	432 	0.878862
1 	6 	433 	0.882034
1 	6 	434 	0.883268
1 	6 	435 	0.885358
1 	6 	436 	0.885786
1 	6 	437 	0.886239
1 	6 	438 	0.891653
1 	6 	439 	0.892811
1 	6 	440 	0.893869
1 	6 	441 	0.896185
1 	6 	442 	0.89966
1 	6 	443 	0.900692
1 	6 	444 	0.903437
1 	6 	445 	0.904066
1 	6 	446 	0.906962
1 	6 	447 	0.909581
1 	6 	448 	0.909908
1 	6 	449 	0.910512
1 	6 	450 	0.915498
1 	6 	451 	0.918922
1 	6 	452 	0.919199
1 	6 	453 	0.922397
1 	6 	454 	0.924109
1 	6 	455 	0.9263
1 	6 	456 	0.926501
1 	6 	457 	0.930429
1 	6 	458 	0.931084
1 	6 	459 	0.933275
1 	6 	460 	0.935163
1 	6 	461 	0.939015
1 	6 	462 	0.939393
1 	6 	463 	0.943523
1 	6 	464 	0.945033
1 	6 	465 	0.946393
1 	6 	466 	0.947148
1 	6 	467 	0.94949
1 	6 	468 	0.954325
1 	6 	469 	0.955281
1 	6 	470 	0.955533
1 	6 	471 	0.956968
1 	6 	472 	0.963742
1 	6 	473 	0.964573
1 	6 	474 	0.964975
1 	6 	475 	0.96636
1 	6 	476 	0.968702
1 	6 	477 	0.972857
1 	6 	478 	0.973486
1 	6 	479 	0.97472
1 	6 	480 	0.976785
1 	6 	481 	0.97968
1 	6 	482 	0.981317
1 	6 	483 	0.981518
1 	6 	484 	0.984666
1 	6 	485 	0.986932
1 	6 	486 	0.989928
1 	6 	487 	0.992068
1 	6 	488 	0.99373
1 	6 	489 	0.994259
1 	6 	490 	0.998137
1 	6 	491 	0.998993
1 	6 	492 	0.999169
1 	6 	493 	1
1 	6 	494 	1
1 	6 	495 	1
1 	6 	496 	1
1 	6 	497 	1
1 	6 	498 	1
1 	6 	499 	1
1 	6 	500 	1
1 	6 	501 	1
1 	6 	502 	1
1 	6 	503 	1
1 	6 	504 	1
1 	6 	505 	1
1 	6 	506 	1
1 	6 	507 	1
1 	6 	508 	1
1 	6 	509 	1
1 	6 	510 	1
1 	6 	511 	1
1 	6 	512 	1
1 	6 	513 	1
1 	6 	514 	1
1 	6 	515 	1
1 	6 	516 	1
1 	6 	517 	1
1 	6 	518 	1
1 	6 	519 	1
1 	6 	520 	1
1 	6 	521 	1
1 	6 	522 	1
1 	6 	523 	1
1 	6 	524 	1
1 	6 	525 	1
1 	6 	526 	1
1 	6 	527 	1
1 	6 	528 	1
1 	6 	529 	1
1 	6 	530 	1
1 	6 	531 	1
1 	6 	532 	1
1 	6 	533 	1
1 	6 	534 	1
1 	6 	535 	1
1 	6 	536 	1
1 	6 	537 	1
1 	6 	538 	1
1 	6 	539 	1
1 	6 	540 	1
1 	6 	541 	1
1 	6 	542 	1
1 	6 	543 	1
1 	6 	544 	1
1 	6 	545 	1
1 	6 	546 	1
1 	6 	547 	1
1 	6 	548 	1
1 	6 	549 	1
1 	6 	550 	1
1 	6 	551 	1
1 	6 	552 	1
1 	6 	553 	1
1 	6 	554 	1
1 	6 	555 	1
1 	6 	556 	1
1 	6 	557 	1
1 	6 	558 	1
1 	6 	559 	1
1 	6 	560 	1
1 	6 	561 	1
1 	6 	562 	1
1 	6 	563 	1
1 	6 	564 	1
1 	6 	565 	1
1 	6 	566 	1
1 	6 	567 	1
1 	6 	568 	1
1 	6 	569 	1
1 	6 	570 	1
1 	6 	571 	1
1 	6 	572 	1
1 	6 	573 	1
1 	6 	574 	1
1 	6 	575 	1
1 	6 	576 	1
1 	6 	577 	1
1 	6 	578 	1
1 	6 	579 	1
1 	6 	580 	1
1 	6 	581 	1
1 	6 	582 	1
1 	6 	583 	1
1 	6 	584 	1
1 	6 	585 	1
1 	6 	586 	1
1 	6 	587 	1
1 	6 	588 	1
1 	6 	589 	1
1 	6 	590 	1
1 	6 	591 	1
1 	6 	592 	1
1 	6 	593 	1
1 	6 	594 	1
1 	6 	595 	1
1 	6 	596 	1
1 	6 	597 	1
1 	6 	598 	1
1 	6 	599 	1
1 	7 	16 	0.00363391
1 	7 	17 	0.00853969
1 	7 	18 	0.0113689
1 	7 	19 	0.012537
1 	7 	20 	0.0193895
1 	7 	21 	0.0198827
1 	7 	22 	0.0212843
1 	7 	23 	0.0242693
1 	7 	24 	0.0268131
1 	7 	25 	0.0279292
1 	7 	26 	0.0288636
1 	7 	27 	0.0290453
1 	7 	28 	0.0341068
1 	7 	29 	0.0350672
1 	7 	30 	0.0353787
1 	7 	31 	0.0369621
1 	7 	32 	0.041193
1 	7 	33 	0.0442818
1 	7 	34 	0.0446192
1 	7 	35 	0.0471889
1 	7 	36 	0.0478638
1 	7 	37 	0.0511083
1 	7 	38 	0.051913
1 	7 	39 	0.0545865
1 	7 	40 	0.0550797
1 	7 	41 	0.058454
1 	7 	42 	0.0604267
1 	7 	43 	0.0630483
1 	7 	44 	0.0635155
1 	7 	45 	0.0643721
1 	7 	46 	0.0673831
1 	7 	47 	0.0702902
1 	7 	48 	0.0705498
1 	7 	49 	0.0756632
1 	7 	50 	0.0763121
1 	7 	51 	0.0781291
1 	7 	52 	0.0798162
1 	7 	53 	0.0815553
1 	7 	54 	0.085319
1 	7 	55 	0.0866168
1 	7 	56 	0.0873436
1 	7 	57 	0.0885895
1 	7 	58 	0.0919898
1 	7 	59 	0.0932357
1 	7 	60 	0.0951565
1 	7 	61 	0.0977522
1 	7 	62 	0.101256
1 	7 	63 	0.103047
1 	7 	64 	0.103956
1 	7 	65 	0.104968
1 	7 	66 	0.109485
1 	7 	67 	0.112028
1 	7 	68 	0.112288
1 	7 	69 	0.113482
1 	7 	70 	0.117894
1 	7 	71 	0.11914
1 	7 	72 	0.119374
1 	7 	73 	0.122073
1 	7 	74 	0.123683
1 	7 	75 	0.128692
1 	7 	76 	0.128978
1 	7 	77 	0.13121
1 	7 	78 	0.132586
1 	7 	79 	0.134584
1 	7 	80 	0.138166
1 	7 	81 	0.138296
1 	7 	82 	0.138867
1 	7 	83 	0.142112
1 	7 	84 	0.145408
1 	7 	85 	0.14655
1 	7 	86 	0.146992
1 	7 	87 	0.149613
1 	7 	88 	0.153273
1 	7 	89 	0.153818
1 	7 	90 	0.156777
1 	7 	91 	0.157712
1 	7 	92 	0.162436
1 	7 	93 	0.16254
1 	7 	94 	0.164149
1 	7 	95 	0.16446
1 	7 	96 	0.168432
1 	7 	97 	0.172169
1 	7 	98 	0.172818
1 	7 	99 	0.173337
1 	7 	100 	0.176764
1 	7 	101 	0.178762
1 	7 	102 	0.180398
1 	7 	103 	0.182448
1 	7 	104 	0.184836
1 	7 	105 	0.187847
1 	7 	106 	0.188237
1 	7 	107 	0.190365
1 	7 	108 	0.192104
1 	7 	109 	0.19714
1 	7 	110 	0.198126
1 	7 	111 	0.200047
1 	7 	112 	0.200877
1 	7 	113 	0.20189
1 	7 	114 	0.208327
1 	7 	115 	0.209832
1 	7 	116 	0.210351
1 	7 	117 	0.214297
1 	7 	118 	0.214427
1 	7 	119 	0.215205
1 	7 	120 	0.218528
1 	7 	121 	0.220345
1 	7 	122 	0.222759
1 	7 	123 	0.224212
1 	7 	124 	0.226211
1 	7 	125 	0.227067
1 	7 	126 	0.232648
1 	7 	127 	0.233608
1 	7 	128 	0.234854
1 	7 	129 	0.236334
1 	7 	130 	0.23841
1 	7 	131 	0.241032
1 	7 	132 	0.243394
1 	7 	133 	0.244173
1 	7 	134 	0.246846
1 	7 	135 	0.24843
1 	7 	136 	0.252479
1 	7 	137 	0.25279
1 	7 	138 	0.255438
1 	7 	139 	0.258163
1 	7 	140 	0.260396
1 	7 	141 	0.264315
1 	7 	142 	0.264964
1 	7 	143 	0.267793
1 	7 	144 	0.268961
1 	7 	145 	0.270259
1 	7 	146 	0.270804
1 	7 	147 	0.274153
1 	7 	148 	0.277994
1 	7 	149 	0.278954
1 	7 	150 	0.279396
1 	7 	151 	0.280901
1 	7 	152 	0.282874
1 	7 	153 	0.286404
1 	7 	154 	0.28887
1 	7 	155 	0.290531
1 	7 	156 	0.29336
1 	7 	157 	0.294944
1 	7 	158 	0.296449
1 	7 	159 	0.297513
1 	7 	160 	0.301433
1 	7 	161 	0.305819
1 	7 	162 	0.306365
1 	7 	163 	0.306676
1 	7 	164 	0.309609
1 	7 	165 	0.31384
1 	7 	166 	0.315371
1 	7 	167 	0.31846
1 	7 	168 	0.319187
1 	7 	169 	0.320926
1 	7 	170 	0.323184
1 	7 	171 	0.324949
1 	7 	172 	0.32796
1 	7 	173 	0.331958
1 	7 	174 	0.331958
1 	7 	175 	0.334398
1 	7 	176 	0.334605
1 	7 	177 	0.338603
1 	7 	178 	0.340705
1 	7 	179 	0.34247
1 	7 	180 	0.343898
1 	7 	181 	0.345014
1 	7 	182 	0.349478
1 	7 	183 	0.349997
1 	7 	184 	0.352256
1 	7 	185 	0.352593
1 	7 	186 	0.358381
1 	7 	187 	0.358719
1 	7 	188 	0.359212
1 	7 	189 	0.361418
1 	7 	190 	0.365493
1 	7 	191 	0.367388
1 	7 	192 	0.368271
1 	7 	193 	0.371334
1 	7 	194 	0.371775
1 	7 	195 	0.376525
1 	7 	196 	0.377797
1 	7 	197 	0.379406
1 	7 	198 	0.382287
1 	7 	199 	0.382703
1 	7 	200 	0.385791
1 	7 	201 	0.389789
1 	7 	202 	0.390126
1 	7 	203 	0.390801
1 	7 	204 	0.393968
1 	7 	205 	0.396537
1 	7 	206 	0.396979
1 	7 	207 	0.40108
1 	7 	208 	0.403364
1 	7 	209 	0.404766
1 	7 	210 	0.405622
1 	7 	211 	0.408296
1 	7 	212 	0.413695
1 	7 	213 	0.414421
1 	7 	214 	0.415226
1 	7 	215 	0.416524
1 	7 	216 	0.42252
1 	7 	217 	0.423091
1 	7 	218 	0.423117
1 	7 	219 	0.426413
1 	7 	220 	0.430307
1 	7 	221 	0.43054
1 	7 	222 	0.431631
1 	7 	223 	0.433448
1 	7 	224 	0.439443
1 	7 	225 	0.439625
1 	7 	226 	0.441883
1 	7 	227 	0.443207
1 	7 	228 	0.445128
1 	7 	229 	0.450968
1 	7 	230 	0.451409
1 	7 	231 	0.4525
1 	7 	232 	0.453746
1 	7 	233 	0.456523
1 	7 	234 	0.459975
1 	7 	235 	0.461195
1 	7 	236 	0.461948
1 	7 	237 	0.463661
1 	7 	238 	0.469008
1 	7 	239 	0.469839
1 	7 	240 	0.470929
1 	7 	241 	0.471162
1 	7 	242 	0.476354
1 	7 	243 	0.477755
1 	7 	244 	0.479806
1 	7 	245 	0.480039
1 	7 	246 	0.483777
1 	7 	247 	0.48588
1 	7 	248 	0.4871
1 	7 	249 	0.48832
1 	7 	250 	0.492083
1 	7 	251 	0.492992
1 	7 	252 	0.494575
1 	7 	253 	0.496158
1 	7 	254 	0.49756
1 	7 	255 	0.499792
1 	7 	256 	0.502025
1 	7 	257 	0.505399
1 	7 	258 	0.505814
1 	7 	259 	0.507294
1 	7 	260 	0.510045
1 	7 	261 	0.511317
1 	7 	262 	0.511654
1 	7 	263 	0.515756
1 	7 	264 	0.519415
1 	7 	265 	0.519727
1 	7 	266 	0.519909
1 	7 	267 	0.522738
1 	7 	268 	0.527903
1 	7 	269 	0.528007
1 	7 	270 	0.530187
1 	7 	271 	0.530291
1 	7 	272 	0.536754
1 	7 	273 	0.53678
1 	7 	274 	0.537611
1 	7 	275 	0.539921
1 	7 	276 	0.543503
1 	7 	277 	0.544827
1 	7 	278 	0.545761
1 	7 	279 	0.548694
1 	7 	280 	0.553782
1 	7 	281 	0.554249
1 	7 	282 	0.55495
1 	7 	283 	0.557831
1 	7 	284 	0.561828
1 	7 	285 	0.563827
1 	7 	286 	0.564839
1 	7 	287 	0.571536
1 	7 	288 	0.574417
1 	7 	289 	0.574962
1 	7 	290 	0.575066
1 	7 	291 	0.58127
1 	7 	292 	0.58127
1 	7 	293 	0.581659
1 	7 	294 	0.584436
1 	7 	295 	0.58698
1 	7 	296 	0.589628
1 	7 	297 	0.590484
1 	7 	298 	0.592301
1 	7 	299 	0.598842
1 	7 	300 	0.601672
1 	7 	301 	0.602658
1 	7 	302 	0.606162
1 	7 	303 	0.610679
1 	7 	304 	0.611068
1 	7 	305 	0.612366
1 	7 	306 	0.616986
1 	7 	307 	0.617531
1 	7 	308 	0.618595
1 	7 	309 	0.622099
1 	7 	310 	0.626356
1 	7 	311 	0.627239
1 	7 	312 	0.629705
1 	7 	313 	0.629938
1 	7 	314 	0.633598
1 	7 	315 	0.636687
1 	7 	316 	0.638608
1 	7 	317 	0.638763
1 	7 	318 	0.640918
1 	7 	319 	0.642475
1 	7 	320 	0.643591
1 	7 	321 	0.6445
1 	7 	322 	0.649613
1 	7 	323 	0.650392
1 	7 	324 	0.652546
1 	7 	325 	0.652624
1 	7 	326 	0.652702
1 	7 	327 	0.661501
1 	7 	328 	0.662124
1 	7 	329 	0.664149
1 	7 	330 	0.664486
1 	7 	331 	0.664772
1 	7 	332 	0.670145
1 	7 	333 	0.67191
1 	7 	334 	0.672169
1 	7 	335 	0.677179
1 	7 	336 	0.680294
1 	7 	337 	0.682267
1 	7 	338 	0.683227
1 	7 	339 	0.689093
1 	7 	340 	0.691611
1 	7 	341 	0.69239
1 	7 	342 	0.696413
1 	7 	343 	0.697503
1 	7 	344 	0.697607
1 	7 	345 	0.702798
1 	7 	346 	0.704433
1 	7 	347 	0.704563
1 	7 	348 	0.704797
1 	7 	349 	0.706821
1 	7 	350 	0.710533
1 	7 	351 	0.713233
1 	7 	352 	0.716607
1 	7 	353 	0.717489
1 	7 	354 	0.720552
1 	7 	355 	0.724186
1 	7 	356 	0.726652
1 	7 	357 	0.726912
1 	7 	358 	0.731921
1 	7 	359 	0.733816
1 	7 	360 	0.736334
1 	7 	361 	0.738878
1 	7 	362 	0.740669
1 	7 	363 	0.743212
1 	7 	364 	0.743913
1 	7 	365 	0.746353
1 	7 	366 	0.747365
1 	7 	367 	0.750688
1 	7 	368 	0.753855
1 	7 	369 	0.754036
1 	7 	370 	0.754841
1 	7 	371 	0.757359
1 	7 	372 	0.761278
1 	7 	373 	0.762887
1 	7 	374 	0.76473
1 	7 	375 	0.765898
1 	7 	376 	0.767715
1 	7 	377 	0.768468
1 	7 	378 	0.771427
1 	7 	379 	0.773062
1 	7 	380 	0.774724
1 	7 	381 	0.777838
1 	7 	382 	0.780408
1 	7 	383 	0.780538
1 	7 	384 	0.783056
1 	7 	385 	0.78617
1 	7 	386 	0.788429
1 	7 	387 	0.790791
1 	7 	388 	0.791232
1 	7 	389 	0.793075
1 	7 	390 	0.796683
1 	7 	391 	0.797358
1 	7 	392 	0.798915
1 	7 	393 	0.803016
1 	7 	394 	0.806884
1 	7 	395 	0.807117
1 	7 	396 	0.809142
1 	7 	397 	0.810128
1 	7 	398 	0.815345
1 	7 	399 	0.815605
1 	7 	400 	0.81737
1 	7 	401 	0.819291
1 	7 	402 	0.821393
1 	7 	403 	0.82238
1 	7 	404 	0.822899
1 	7 	405 	0.825079
1 	7 	406 	0.829725
1 	7 	407 	0.829881
1 	7 	408 	0.831776
1 	7 	409 	0.833411
1 	7 	410 	0.837175
1 	7 	411 	0.840134
1 	7 	412 	0.840601
1 	7 	413 	0.840861
1 	7 	414 	0.845014
1 	7 	415 	0.847272
1 	7 	416 	0.847532
1 	7 	417 	0.851165
1 	7 	418 	0.853839
1 	7 	419 	0.854929
1 	7 	420 	0.856201
1 	7 	421 	0.857343
1 	7 	422 	0.857758
1 	7 	423 	0.862275
1 	7 	424 	0.865078
1 	7 	425 	0.86757
1 	7 	426 	0.868141
1 	7 	427 	0.868375
1 	7 	428 	0.873306
1 	7 	429 	0.874942
1 	7 	430 	0.877304
1 	7 	431 	0.879276
1 	7 	432 	0.880185
1 	7 	433 	0.883507
1 	7 	434 	0.885376
1 	7 	435 	0.886103
1 	7 	436 	0.887686
1 	7 	437 	0.890386
1 	7 	438 	0.89145
1 	7 	439 	0.893604
1 	7 	440 	0.897005
1 	7 	441 	0.898744
1 	7 	442 	0.899159
1 	7 	443 	0.902066
1 	7 	444 	0.902533
1 	7 	445 	0.906998
1 	7 	446 	0.909931
1 	7 	447 	0.910113
1 	7 	448 	0.911151
1 	7 	449 	0.912371
1 	7 	450 	0.918549
1 	7 	451 	0.919976
1 	7 	452 	0.922182
1 	7 	453 	0.922753
1 	7 	454 	0.925661
1 	7 	455 	0.92618
1 	7 	456 	0.927763
1 	7 	457 	0.928879
1 	7 	458 	0.93189
1 	7 	459 	0.933188
1 	7 	460 	0.935654
1 	7 	461 	0.936173
1 	7 	462 	0.940378
1 	7 	463 	0.942091
1 	7 	464 	0.942377
1 	7 	465 	0.943155
1 	7 	466 	0.947153
1 	7 	467 	0.949177
1 	7 	468 	0.951072
1 	7 	469 	0.952344
1 	7 	470 	0.954836
1 	7 	471 	0.957587
1 	7 	472 	0.960313
1 	7 	473 	0.961377
1 	7 	474 	0.963713
1 	7 	475 	0.963972
1 	7 	476 	0.969527
1 	7 	477 	0.97002
1 	7 	478 	0.971733
1 	7 	479 	0.973005
1 	7 	480 	0.978274
1 	7 	481 	0.979053
1 	7 	482 	0.980169
1 	7 	483 	0.98113
1 	7 	484 	0.987826
1 	7 	485 	0.988138
1 	7 	486 	0.990111
1 	7 	487 	0.990474
1 	7 	488 	0.996081
1 	7 	489 	0.998287
1 	7 	490 	0.999221
1 	7 	491 	1
1 	7 	492 	1
1 	7 	493 	1
1 	7 	494 	1
1 	7 	495 	1
1 	7 	496 	1
1 	7 	497 	1
1 	7 	498 	1
1 	7 	499 	1
1 	7 	500 	1
1 	7 	501 	1
1 	7 	502 	1
1 	7 	503 	1
1 	7 	504 	1
1 	7 	505 	1
1 	7 	506 	1
1 	7 	507 	1
1 	7 	508 	1
1 	7 	509 	1
1 	7 	510 	1
1 	7 	511 	1
1 	7 	512 	1
1 	7 	513 	1
1 	7 	514 	1
1 	7 	515 	1
1 	7 	516 	1
1 	7 	517 	1
1 	7 	518 	1
1 	7 	519 	1
1 	7 	520 	1
1 	7 	521 	1
1 	7 	522 	1
1 	7 	523 	1
1 	7 	524 	1
1 	7 	525 	1
1 	7 	526 	1
1 	7 	527 	1
1 	7 	528 	1
1 	7 	529 	1
1 	7 	530 	1
1 	7 	531 	1
1 	7 	532 	1
1 	7 	533 	1
1 	7 	534 	1
1 	7 	535 	1
1 	7 	536 	1
1 	7 	537 	1
1 	7 	538 	1
1 	7 	539 	1
1 	7 	540 	1
1 	7 	541 	1
1 	7 	542 	1
1 	7 	543 	1
1 	7 	544 	1
1 	7 	545 	1
1 	7 	546 	1
1 	7 	547 	1
1 	7 	548 	1
1 	7 	549 	1
1 	7 	550 	1
1 	7 	551 	1
1 	7 	552 	1
1 	7 	553 	1
1 	7 	554 	1
1 	7 	555 	1
1 	7 	556 	1
1 	7 	557 	1
1 	7 	558 	1
1 	7 	559 	1
1 	7 	560 	1
1 	7 	561 	1
1 	7 	562 	1
1 	7 	563 	1
1 	7 	564 	1
1 	7 	565 	1
1 	7 	566 	1
1 	7 	567 	1
1 	7 	568 	1
1 	7 	569 	1
1 	7 	570 	1
1 	7 	571 	1
1 	7 	572 	1
1 	7 	573 	1
1 	7 	574 	1
1 	7 	575 	1
1 	7 	576 	1
1 	7 	577 	1
1 	7 	578 	1
1 	7 	579 	1
1 	7 	580 	1
1 	7 	581 	1
1 	7 	582 	1
1 	7 	583 	1
1 	7 	584 	1
1 	7 	585 	1
1 	7 	586 	1
1 	7 	587 	1
1 	7 	588 	1
1 	7 	589 	1
1 	7 	590 	1
1 	7 	591 	1
1 	7 	592 	1
1 	7 	593 	1
1 	7 	594 	1
1 	7 	595 	1
1 	7 	596 	1
1 	7 	597 	1
1 	7 	598 	1
1 	7 	599 	1
